0
8,7432,2316,6673,1811,6548,5779,2457,2461,1952,1955,5419,1452,1455,6842,4284,3016,8402,5843,3671,6615,8813,8822,4215,2683
14
4892,2472,3593,7338,1740,6638,1970,2868,22,6646,2364,2783
1248,1186,1827,2567,5095,5096,1694,1781,2328,3420,1246,30,1823
8032,1824,34,387,4900,37,295,4078,2293,1693,734
8832,7616,3459,6727,42,5744,4630,3642,2814,7999
6657,7170,7299,3844,6915,7558,3335,5256,6916,7685,4363,7691,8457,7956,4116,7575,4249,5405,7966,4125,6050,6307,5284,1699,1701,3753,426,7470,51,4788,2873,5437,7486,8383,8002,3141,6470,2766,8655,3280,2129,2769,3797,5336,7512,3675,5212,7132,8931,4324,619,5742,5617,5618,7922,5236,4469,5753,2298,8831
5632,2561,6146,4618,7690,1558,5655,7712,6178,4133,5163,6701,8239,58,4667,3644,6717,4680,6220,2127,2128,6226,3666,2132,8789,6738,3688,8297,4726,7799,8825,4233,3731,3224,7838,7333,6823,1709,7349,2745,7867,3778,7364,5324,1741,1742,8912,4817,6870,6365,7902,6878,7398,7917,3312,7411,7928,1787,8447,7937,8464,7446,7960,3357,5918,3365,3883,1836,4911,5943,6468,8004,1353,4946,5975,3425,3942,4457,7532,2927,6514,2934,8568,3464,5513,7051,5009,6035,5013,1439,6560,7074,7587,7078,3501,5557,1977,1980,7101,1469,4543,5071,6097,8161,2024,7657,1516,8174,8688,6133,2039,7161,3578,5116,8189,5630
2162,782,3734,63
68,7544,6922,7726,8053,5432,7293
74,2125
81
88
5128,5129,98,94
1543,4103,7696,2065,5137,2067,5139,6677,8226,4643,2602,2603,4654,6192,3127,6207,583,2644,2654,97,4707,7271,4204,7277,1142,4218,5755,2687,3713,4737,3719,3721,4748,2188,3728,1681,7318,3227,4767,2724,7334,8363,2221,1713,694,1724,1215,3776,2754,4806,5318,3788,8397,1747,2773,6871,217,3801,729,5857,1767,2793,4843,7409,1778,6898,2804,5363,5878,5369,5886,6401,5891,5892,4869,262,7950,4368,6933,7448,4379,8478,4394,5931,6958,6968,3898,1852,2885,4425,4942,4945,3413,4955,863,2914,4451,2917,6501,869,4453,4974,8565,2421,8056,1914,895,6018,2436,3977,7563,6027,3468,5519,6031,2962,3987,6549,6554,7578,1435,2973,1438,7583,8099,3493,424,4521,5548,2477,430,2995,951,4026,3005,3010,7618,4050,1495,3032,477,7649,5090,4593,4595,5626,2559
99
108
1664,6658,150,2710,1686,1687,2462,1831,5423,2226,6198,7992,953,954,8126,2629,2630,5829,5064,2377,6858,8392,5453,8526,2512,4688,1365,6741,1374,8544,1381,2278,495,4592,117,4853,4221
123
128
3656,6305,133
135
8736,5220,8441,5253,7978,3820,140,4815,8050,7796,5877,2296,8345
7172,8996,6374,8904,9000,7786,715,4524,5195,3950,8303,6479,144,3637,1147
7064,1467,156,7758
160,7523,6020,5924,5706,8141,5678,8719,3832,3825,8915,5111,4117,3639,4632,7866,1117
165
169,962,7662,1391
8576,3329,8448,4483,5765,5639,7688,8842,8977,3474,4373,2454,1173,2331,7839,4515,2467,6308,2342,7717,6570,5420,175,8367,4913,2482,3123,2612,6196,438,3004,6907,8133,7752,6605,3406,8653,4947,7508,7895,7257,3162,2265,3421,864,2016,7011,3684,8167,635,6381,1774,7535,6387,7032,2169,3450,4091,8444
181,7439
184,2953,2156,6941
4071,3751,8551,1682,5459,8500,7993,190
195
199
4522,206
3207,1671,392,2823,1679,2069,5653,3607,3608,2582,4890,2841,2205,3102,3106,3237,1958,2087,1959,937,938,4523,828,2751,834,2116,2248,3023,212,2645,852,218,859,475,4318,355,1380,743,2920,241,372,3452,510,3455
3105,1936,3185,2738,214,4216
4740,6669,6931,8596,7069,2077,1566,6181,3878,5164,7215,1586,565,2233,1850,1750,222,4320,4461,2158,6134,8574
1921,227,2759,1933,1934,1717
2758,231,1929,5579,1519,1524
1025,1674,2827,5008,3222,2585,1564,1052,929,3108,6436,1576,7592,2218,3760,2225,3382,3383,2107,2109,2237,706,2371,2372,2118,2251,3022,3279,848,593,853,3933,740,871,2919,5481,2666,235,3565,366,370,376
5424,236
237
1888,3748,358,1863,3180,5198,7474,243,471,3705,5983
4578,8169,4973,1521,244,1525,1917
247,4503
251,7991,7447
254
258
4356,1545,265,1677,5007,2842,2459,1565,927,1829,1834,2104,5310,8000,3142,6726,4935,3402,978,1235,3283,3928,2778,862,1503,1377,738,1513,2923,3182,3186,4210,502,5367,379,2812,1918
5376,267,4124,8477,1568,2082,2210,2084,3238,4393,4531,5812,2750,3007,3269,841,3662,3791,1237,2520,4572,1373,4188,4321,2921,6890,4976,3187,1140,4086,4087,3577,3454
6786,4996,4229,271,273,788,4006,1965,4539,2108,7240,1994,2123,4049,5586,2780,737,5089,490,4076,4339,503,507,4606
274
280
284
7169,644,4998,3209,2444,4241,3090,6263,2583,3355,5403,2844,3739,3360,289,5034,1581,2862,2742,9015,2999,6073,2106,955,2490,1721,1722,6335,836,3397,3783,2124,3020,845,2255,2384,3025,5845,469,473,857,1115,7515,5980,6366,5088,4322,2787,483,2918,5354,4077,1262,2671,8559,3313,5361,1015,3566,5239,1274,1278,1919
292
4550,294,3531,2828,7595,1784,2905
736,1825,1022,297
3072,2042,872,873,300,303,6384,3856,3284,5207,5208,2553,5402
712,7577,441,4684,2672,305,1689,443,3516
6338,5603,4647,7946,1968,6067,308,5141,4599,4059,7325
7554,6380,5677,6768,311,8379
5425,314,6711,4135
317
320,3411,4694,935
325
332
344,5482,7765
350
360,2978,2083
2693,2503,363,7052,1356,2062,6109,472,8381
2088,365,367,368,7417,5087
3204,646,3021,814,1436,3184,817,4978,5780,6389,374,697,860,3199
640,643,3461,6194,2041,1434,380
5120,3460,7853,6766,2292,2940,382
838,7270,395,397,1885
832,7233,7842,2916,6121,1068,398,1840,7348,1592,4506,1595,3772,893
400
2273,7291,404,5581
408
412
417
434,6820
8965,5767,1932,1296,3861,8471,4891,4514,549,4906,8106,1584,2354,1587,4402,1847,8121,2235,956,1853,2236,2238,445,4545,2756,5703,4040,1614,4814,2385,977,850,1108,981,3158,6235,2011,1504,4449,2019,3183,7539,6005
447
452
5613,454
459
8513,465
466
479
484
489,509
4605,491,5573
492
5730,4875,7019,5148,496,532,1144,3708
499
512,1320,3663,4208,504,4665,2782
513
6273,515,6029
5242,7668,519
8354,2731,524,5531,2965,1814,2967,4475,5532
526
5920,5955,909,7534,529,7030,8319
535
5664,4613,2502,4585,4760,540
2120,5329,543
547
553
556
559
4357,1191,6954,6827,8139,3026,2550,6583,8950,569,3287,2012,5149,1150
572
576
2288,585,5866,6028
4739,589,2061,4371,5971,4317
3782,842,591,1935,4598,1688,2811,829
5447,1608,1101,2190,595,7455
599
604
612
622
624
7288,4212,630,2623
8903,8107,5644,7089,632,3003,5214
637
3393,2491,645,2318
649,6540,6797,6670,4245,6940,7581,5791,3362,3874,7489,6345,4306,5974,5468,4189,3681,5733,4966,3561,8826,6651
653
657
668
670
2113,675,1893,4582,5448,6637,8590,7343,4782,8911,7123,990,6102,5941,7192,7897,2302
678
685
689
695
1157,3081,8332,5134,6287,7700,6550,7320,3993,4258,6393,5673,5807,1202,1459,4919,6201,698,4795,3901,7622,4556,4429,1233,6487,8284,2397,8286,5601,6631,8442,3437,3568,8049,2422,7673,7034
8962,5202,701,5479
704,732,1028,6659,1019,7050,3759,3122,4283,1820,5790
2048,7771,709
721
725
745
748
750
753
761
762
763
768
773
5017,779
786,5043,6662,3303
8932,3462,1606,8265,2794,6452,790,8155
791
795
4444,799
802
4003,804,1223,1772,7189,5050,6491
4062,807
6946,810,812,1294,6065,3252,3100
818
825,4590
830
844,846
7885,855
858
4192,868,7652,4616,6665,6456
874,2044
876
881
888
894
899
902
3448,3545,912,1911
6275,7973,3526,3594,8011,5166,3888,1331,916,7703,5500
8647,5709,918,8856,8575
920,4689,7955
4664,923
932,1832,5257,1833,5101,7871
940
942
1665,2147,4995,3301,5607,1964,7053,946
6689,1542,2735,948,5847
2626,2499,3625,2554,4826,2588,958
7813,8838,6663,7305,3085,7058,1685,4248,5281,4641,5037,3889,8504,5946,959,5312,5186,7755,5325,7504,8916,3028,4959,7904,3808,6371,7908,1511,5226,8554,8175,3439,8817,7925,1526
5123,4420,965,3051,6609,7859,3443,6299
1408,4354,3342,8079,6802,7059,2968,4381,8355,3109,7589,8875,8619,8621,7471,8496,7346,2615,3129,8510,8393,970,8394,6864,7635,2901,6616,6745,7648,5093,5862,4601,7420
3810,6276,5643,974,8880,7606,4733,7294,2655
3473,980
4650,983
987
993
998
1003
1007
5986,8294,5450,6317,4943,1011,4532,5431,3678,6687
1017
1030
1037
1038
1040
1042
1050
1053
1058
3968,8198,8967,6920,5001,2058,6284,5902,5778,8083,6425,3744,1059,3630,5935,8245,5049,8257,5442,3908,4805,6089,8649,2508,4431,5458,4819,1493,4185,6240,7141,4205,4847,6515,4341,6776,8060
1061
1065,3842,1860,3909
1067,7599
1072,8289,7590,4718
6180,6117,5830,6789,2186,2283,4397,3535,1074,6619,5629,5151
1076
8897,7689,8715,7573,1078,8793,1535
1080
1084
1088
1089,4839,5255,4780,7725
1093
1097
1105
1110,2959
1984,8929,3843,5510,5994,7759,7062,6459,1118
1120
1122
1126
1130
5476,8197,6877,5578,1134,7311,3727,8497,7253,4246,6805,6008,4886,4477
1136
3233,3524,8389,8423,3050,4106,4364,5262,1143,7611
3585,2433,4615,8201,5642,6926,5136,7443,5398,7837,6048,4771,7096,2363,3273,8907,4323,6500,4196,3564,5622,6135,1146,8573
1152
1154
1155,2679
1160
1163
1167
1170
1172
1176
1184
2514,1188
1194
4480,2694,3400,2121,7693,1198
1199
1205,3574
1210
1212
1216,2757,5712,1716,1887
1219
5380,1221,4199,4009,8752,7607
3257,4868,1225,5898,2573,2161,7961,5334,5849,8794,5756
7681,6148,1797,4741,8328,2699,6290,6930,8084,5793,6567,5292,3120,7217,4282,5693,3521,7493,5065,1227,5597,6113,8934,3816,6124,7406,6003,2164,5884
1229
7459,1231,5745,2451,7636,6015,6685,3135
1234
1240,1588,6309,7159
1242
1250,5648,5366,2488,1786
1251
2272,5444,8390,1254,6892,7597,1518,7408,5490,8499,2740,4312,8318
1256
1264
1266
1271
3916,4024,7194,1755,1277
1281
5784,5489,1284
3617,1285,2604,4144,7187,8373,5850
8704,2178,1286,7079,4811,1338,5933,7083,8403,7286,8470,4602,1339,8159
1288
1298
1300
1302
2660,5772,4622,7412,5332,6167,1305
1307
1311
1314
1317
1323
1324
2122,1325
1326
8458,3615,1329,6966,5401,3551
5700,7179,6091,1332,6845
1334
5061,7901,3947,1341,2463
1346
7304,6928,6244,1348
7266,7878,5543,1357,7087,9013
1358
1361
1368
1370,4823
1376,8384,6972,2223,7216,5553,7260
1384
1387
1394
1399
1403
2208,8865,7686,6183,6857,6655,4591,8914,4499,5972,6742,1405,6591
1411
7458,6724,1414,3111,4903,6222,7694,8028,4701,6716
1418
1422,3239
8138,1427,2748,5295
1429
7600,1443,1683
1447
8768,5635,8422,6120,7272,7337,6443,1450,3504,4414
2957,5168,8818,1461,4508,5533
7457,1481,8881,1463,7321,5978
2825,1466
1473
1474,4803,5670,3401,8301,3281,5522,5811,4852,8886,5112,7231
8705,1476,8309,5412
4963,2276,1484,5230,1873,5880,5055,6203,7071
8834,1487
1490
3214,5775,8659,8535,1498
8204,1501,8861
1506
1514
6952,1529
6640,1531,5628,6835
1536
7264,1538,2546,6867,7378,6585
1540
1676,1548,2053
1550
1554
8262,4074,8469,3768,1561
8066,7848,6730,3503,2833,1562
4738,6725,8232,8717,2227,3860,2646,1567
7841,1569,7113,2860,3212,6289,6322,8633,5183
1571
3041,1575,8627,3581,6559
1579,3115,3126,2327,3896,3931
1589
1596,7550
1598
1601
2747,1604,5837,6998
1610
7072,7168,6433,8453,4039,2824,1612,8179,1945
1616
1619
1623
1625
1629
1630
1631
1635
1640
1642
1643
1646
1649
1653
1655
5761,2946,5921,3716,2373,1657
1660
6162,1662,8223
1667
2723,1668
1691
1692
1696,7651
1697
1705,5570,8415
1706
6017,7265,5224,1718,5275
1719
5699,1727
1730
1733,7468,5297,2803,8278
1734
1738
1744,7028
1752,4139
1757
1759
1762
4121,1769
1770
1776,7221,4525,2911
1789
1791
1793
2240,3523,1795,8341,6137,2105,3836,5853,7423
1796
1798
1801
8658,1805,5754
1806
1807
1816
6248,1818,1925,8230
2570,1821
1830
7472,1838
1843
1849
3190,5368,7355,4860,1854
1857,7862,2279
1865
6496,7812,1868,6903,6584,5498,3037
3528,8697,1869,4399
4113,1874,8823
1878
1882
6144,1889,2822,5415,1960
1891,3172,4295,5610,7984,4401,3358
1898
1900
1905
8042,7243,7150,7634,1909,6390
1923,6206
1928
1937
1940
6472,5537,1941
1944,2786,4413,6237
1946
7120,8604,1950
1957
1961
1967
3048,8035,1972
1973
1986
1989
1991
5989,1998,3761,8882,4657
2000
2002
2007
2008
2014
2023
2027
2031
2034,3103
2038
2043
3634,3850,2045
4930,4365,8276,2046,7743
4560,5121,2051
8548,2052,7237
2056,8460
2071
2897,2074,6654
7375,7537,7130,6363,6140,2078
2080
2089
2090
8322,2094,3892,8763,8958
2096
2102
4418,4099,3554,8645,5805,3540,4857,2110
6440,2111
4802,7274,8652,2135,6362
2137,3846
2140
2145
2149
2153
8202,5707,5393,2167,6682
4138,2173,8487
8352,2177,3619,5702,5609,5132,2320,6706,5527
2180
2184
8302,2194,3285,8026,8094
2196
2199
2203
2977,6773,2206
5068,2212
2216
2219
2222
4828,2429,2350,2229
6912,2241,2688,4448,7373,5716
2242
2247
2252,2254
2256
2258
2262
2269
2274,6302
2284
2286
2290
2294,5023
2299
2300
2303
2307
3097,2309
2313
2314
2323,2813
2324,2326
2334
5856,2689,2338,6049,5516,5854,6103,2647,8088,7513,3290,7102
2339
2340
6627,7013,2344,3881,6963,4023
2347
2351
2352
2355
2359
8602,2362
3978,2366
2367
3538,3042,2375
2378
6242,8708,4968,4969,8009,7340,4972,4332,2381,7856,7125,5305
2386
8587,7821,3858,2387,8854,3771
2390
2399
2402
2404
5377,6562,6919,2407,3530,6032,4763,5375
2409
2412
2418,3131
2425
5539,5606,2950,8584,4617,7114,8146,4756,2485,4949,7927,6648,2431
2434
2437
2438
2445
2744,2449
2762,2460,3853,3582
2465,3597
2469
2996,2471
2474
8388,6980,4808,2475,5810,8086
2478
3876,3371,3884,4656,6834,4157,2493,7488,3140,7882,5708,6733,4304,3665,8419,4331,7663,3441,3702,7033,6909
4837,2495
2500
2505
2510
2517
3305,2518,8310
8537,2523,3838
3403,2524
2525
2528
2530,6119,6791
2532
2535
2537
2539
2696,2541
2543
3352,2547
2555
2557,4902
6953,7602,8372,2558
2563
2568,5249,3722,8569
2571
2575
6929,2578,3629
2580
2587
2589
2591
2595
2600,4967
2606
2608
2610
2614
2617
2619
2624,7427,7043,3174,8681,4537
2631
7754,2635,4724,5495,8987,5372
6588,2639
2642,7139,8413,4326
2659
2661
2664
2667
2971,2669,2670
2674
2675
2680,8443
2691
2692
2702
2704
2705
6756,7301,6471,5352,4551,6634,9005,8815,7665,7903,2706,4255
2708
2711
2714
2715
2716
2722,6526
8777,3298,2727
2728
2732
2733
2761,4652,6702,6872,8862
2765
7929,4716,6046,2767
2771
2775
2789
2796
2799
2806
4516,7784,3724,4623,8848,7122,2809
2816
2818
2820
2829
6161,4938,2830,3095
8737,4104,5964,2831,7761,5330,4501,4089,7418
2834
2837
2845
2848
2850
7211,6951,5518,2855
2856
2858
2864
5497,2866,2980
8143,7632,2867,4084,6007,4191
7073,5815,6830,4604,4596,2870,4790,6236
2875,3188,8534
8557,2877
2878
6060,2879
2882
2883
2889
2891
2893
2894
2895
2906
2909
2922
2924
2929
2932
7875,6795,4175,8210,3475,4473,2941
2943
5621,2949
2956
2964,7653
2972
2976
2983
2989
2992
2997
3001
7249,3011,7939,4022
3013
8889,3018
3035
3038
3039
3045
3054
3057
3059
5840,3064,8595,8104
3065
3068,8222
3069
3456,3075
3077
3088
3091
3093
3099
3112
3117
3132
3138
3139
3143
3144
3145
3146
3148
3153
3154
3160
3164,8853
4512,3910,7952,6587,3165
3166
3169
3171
3175
3176
3178
3179
6880,5474,6116,3736,8016,3192,6269
3193
7858,3196,8343
3201
3202
3208
3215
3216
3217,8843
3218,6723,4855
3219
3223
5552,3225,5052,6606
3226,3294
3229
3234
3242
3245
3247
3248
3253
3254
5748,6170,3259,8796
3261
3263
3264
3266
3270
3272,8906,8756
3277
3282
3286
3288
8809,3292,7829
3296
3299
3302
3306
3308
3314,4866,4678
3315,4589
3317
3319
3321
3322
3325
3331
3337
3338
3339
3340
3346
3348
3356
3367
3369
3370,7591
3374,6524,8694
3375
6978,8585,3377,8115,8755,7738,4700
3378
3379
5696,3384,6291,8894
3385
3388
3395
5504,3398,7816,8052,7710
3415
3418
3419
3423
3427
3430
3433
3436
3438
3449,8725,7430
3466
3470
3472
7464,3477,4478
5406,3479
3480
4624,7944,3483
3484
3487
3489
3491
3495
3498
3507
3509
3510
3511
3518
3519
3520
3533
3536
3539
3541
3542
3548
3550
3552
3553
3557
5435,6620,3567
3570
4561,3573,4438,8895
3586
3589
3592
3600
4034,3603
4609,8456,6126,3667,3604,5018
3609
6122,3611
3616
3621
6441,3623
3626
3628
3632
3635
3641
3647
3649
3650
3651
3654
3657
3659
3669
3673
3682
3955,3686
3689
3692
3694
3695
6600,3696
3698
3700
3704,7905,7536
3706
3710
8424,3711
3715
3718
3738
3740
3755,8503
7722,5099,3756
3763
7490,7655,7371,6004,3765
3775
3780
3785
3792
3793
3795
3798,6406
3803
3812
4456,6481,7756,3814
3818
6208,5346,5766,7753,7147,3821,5358,5776,3991,4984,8213,5559,7384,5434,7263
5792,4058,6012,3824
3826
3827,7677
4504,3828
3831
3834
3840
7713,3857
3864
3865
3871
3872
6249,3882
7462,6536,3886,8404,3935
3890
3894
8452,8746,7407,4952,3897
3904
3911
3913
3917
3920,7826
3923,6477,7357
3925
3927
3934,7452,5582
3936
3939
3944
3952
3953
3958
3960
3964
3970
8769,3971,4079,5524,7157,7413,4893
3973
3974
3976,5505,4722,5209
5788,8971,3979,5917
4691,3982
3984
3989
3992
8992,3997,7366
3998
4000,8325,6286,8306,7314,7707
4011
4014
4016,5506,8347,6188
4017
4019
4020
4459,4027
4030
4036
4037
4041,5545,4685,7091,5909
4042,7492
4044
4046
4052
4961,4939,6604,4054,6074,7868
4060
4067
7893,4070
4081
4082
4818,4085
4092
4094
4097
8626,4101
7819,6764,4108
4348,4111
4112
5881,4114
4115
4118
4122
4127
4129
4134
7936,4137
4141
4143
7473,4340,4145
4146
4148
6844,8124,5301,4150
4153
4160
4163
4165
4167
4169
4170
4172
4173
4177
4181
4182
4183
4187
4193
4195
7084,4198
4213
4219
4222
4223
4224
4225
4227
4230
4234
4236
4243
4251
4253
4257
4259,5350
4528,4262
4264
4267
4271
4273
4275
4277
4279
4285,4965
4287
4290
4292
4293
4298,8723
4299
4302
4303
4307,5587
4310
8314,4311
4316
4327
7296,4329,5152
4333
4335
4338
4343
4344,8918,6151
4346
4350
4352
8001,4658,4359,7322
4360
4367
5062,7016,5321,7117,4369,4991
4376
5512,4377
4382
4383
4384
4386
4388
6625,6626,6531,4391,6061
4392,8601,7054
7424,8154,4395
4396
4403
4406
4407
4410
4415
4416
4421
4424,7162
4427
4428
4434
4436
8891,4437
4439
4440
4445
4463
4464,6191
4466
4472
4474
4705,4482,7733,8311
4485
4488
4492
5098,4495
4497
4498
4500
4505
4510
4517
4520
4529
4534
4542
4548
4552
4553
4558
4563
4565
4569
4570
4575
4579
4581
4588
4597
4600
6258,4607
4610
4625
4627
8956,8581,4631
4635
8164,5990,8268,8277,7126,4636
4637
5002,4639
4645
4648
4653
4661
4663
4669
4670
4673
4674
4676
4682,7303
4693
4696
4698
4703
4704,6785,5804,5848
4706
4708
5960,7852,4709
4710
4713,5265
4717
4720
4729,6809,7531,5550
4732
4742
4744
4747,7075
8429,4752,5680,6231,7834
4754,6612
4758
4764
4766
4770
4772
4776
4777
4783
4786
4791
4797
4800
4809
4812
4813
4824
4827
4831
4834
4836
4841
6344,4844
5509,4846,6295
4849
4851
4861
4864
6274,4867
6394,4871
4872
4873
4877
4878
4880
4889
4895
4896
4898
4904,6990
4905
7088,4909
4915
4921
4922
4925
4926
4927
4932
4936,8839
4954
5122,4956
6828,4957
7218,4958
4970,5571,6213,5438
4979
4980
4982
4983
4986
4989
5627,4990
4992
4994
4999
5005
5011
5016,7530
5070,5486,8368,6323,8660,5020
5022
5024
5026
5030
5031
5032,8036
5040
5046,7055
5047
8710,7239,5356,5051,8830
7379,5053,7510
5057
5060
5063
5066
5072
5074
5075
5078
5080
5081
5082
5091,8462
5097
5100
5102
5103
5107
5114,7695,8775,7570
5115
5117
5119
5125
5130
5131
6057,7507,5135
5142
5147
5155
5466,5156,8166,7063
5158
5159
5171
5174
5181
5185
5188
5654,5191
5193,6001
5204
5215
8928,8833,5216,8267,8151
5217
5221
5223
5288,5869,5229
5232
5234
5238
5241,6068
5244
7633,5245
5246
5258
5260
5263
5264
5267
5269
5270
5271
5273
5276
5280
5282
6728,5286
5287
5289
5293
5299
5303
5308
5313
5322
5323
5328
5335
5339,8038
6520,5342,7983
5344
5347
5353
5355
5364
5365
5381
5382
5385,8874,6011
5386
5387
5391
5392
5395
5397
5404
5407
5408
7090,5410,6044,8287
5417
5426
5428
5429
5436
7336,5785,5439
5441,8771,7494
5443
6080,8525,5445
5449,8290
5452
5454
5455
5457
5460
5464
5470
5471
5473
5477
5478
5480,6712
5484
5487
5493
8283,5502
5507
5508
5521
5529
5530
5535
5536
5541
5542,5735
5546
5549
5554
5561
5562
5563
5566
5575
5577,7164
5580
5583
5584
5588
5592,8702
5593,7553
5594
5595
5605
5612
5616
5619
5624
5633
5637
5638
5640
5646
6179,5647,7565,7319
5649
5650
5658
5660
5665
8841,5667,6563
5668
5671
5672,6355,6347
5675
5683
5685
5686
5688
5690
5694
5698
5704
5705
5710
5713
5715
5718
5719
5720
5722
5724
5725
5729
5731
6328,7400,5736,6558
5739
5740,8564
5750
5759
5760
5764
5768
5770
5773
7628,5781
5786
5794
5797
5799
5802
5809
5817
8081,5819
5820
8713,5823
5825
5827
5831
8824,5834,8098
5839
5841
5852
5855
5859
5864
5865
5867,5957
5868,8244
5873
5879
5883
5887
5890
5893
5894
5897
5899,7476
5901,7397
5905
5906,7350
5907,6661
8163,7363,5911
5913
5915
5922
5925
5928,7213
5932
5936
5938
5947,8142
5950
5954
5956
5959
5961
5965
5967
5968,7095
5970
5973
5984
5991
5993
5995
5996
5998
6002
6014
6019
6021
8195,6022
6024
6026
6034
6038
8334,6039
6040
6043
6045
6047
6051
6053
8165,6729,6062,7899,7805
6064
6070
6075
6077
6079
6081
6084,6391
6085
6088
6093
6098
6100
6105
6715,6107
8440,6813,6111
6114
6118
6128
6129
6130
6131
6602,6139,8396
6141
6142
6149
6152
6153
6154
6157
6160
6163
6165
6166
6168
6169
8976,6172
6672,6174
6176
6184
6187
6190
6200
6205
6211
6215
6216
6217
6221
6224
6225
6228
6232
6233
6238
6243
6245
6250,6629
6251
6252
6254
6259
6260
6262
6457,7298,6265,6647
6267
6270
6278
6279
6280
6281
6282
6283
7138,6292,8679
6293
6296
6298
6303
6310
6311
6313
6316
6319
6324
6325
6326
6330
6334
6340
6341
6346
6349
6351
6352
6354
6356
6359
6367
6369
6818,6372
6375
6376,7845
6379
6385
6392
6396
6398
6399
6403,7967
6405
6407
6409
6411
6416
6418
6421
6423
6424
6426
7769,6428
6431
6432
6434,6917
6437
6445,8671
6446
6447
6450
6454
8033,6458
6461
6462
6464
6465
6840,6466
6467
6474
6483
6486
6490,7042
6497
6498
6503
6507
6508
6511
6516
6518
6522
6528
6533
6534
6535
6538
6539
6542
6544,6913,8494,7831
6545
6551
6556
6561
7331,6566
6568
6572
6574
8227,7892,6575
6577
6578,6676
6579
6589
6592
6594
6597
6599
6603
6607
6610
6614
6617
6621
6623
6624
6633
6635
6636
6639
6641
6642
6643
6649
6650
6653
6664
6667
6668
6674
6675
6680,7133
6681
6683
6691
6692
6695
6698
6699
6704
6708
6709
6710
6713
6720
6721
6731
6732
6735
6736
6739
6744
6747
6749
6750
6752
6757
6759
6760
6761
8362,6765,8871
6767
6769
6771
6772
6774
6777
6780
6782
6788
6790
6793
6796
6798
6800
6803
6808
6811
6815
6817
6821
6826
6831
6833
6836
6837
6839
6841
6848
6850
6851
6852
6853
6854
6855
6859
6860,8215
6862
6873
6874
6876
6882
6885
6887
6893
6894
6895
6896
6899
6901
6904
6905
6906
6911
6923
6934
6936
6942
6944
8648,6947
6948
6955
6961
6965
6967
6970
6973
6976
6979
6982
8485,6983,7431
6984
6985
6986
6992
6994
6997
7001
7002
7006
7009
7010
7014
7017
8120,7475,7020
7021
7023
7024,8348
7026
7889,7029
7031
7037
7039
7040
7044
7046
7047
7057
8770,7061
7065
7067
7076
7080
7081
7082
7092
7093
7097
7098
7100
7104
7107
7108
7111
7116
7124
7127
7128
7134
7136
7140
7142
7143
7145
7151
7152
7154
7167
7171
7175
7177,7930
7181
7183
7186
7404,7790,7190
7191
7193
7195
7197
7198
7201
7203
7205
7206
7207
7209
8296,7210
7220
7223
7226
7229
7232
7236
7241
7246
7247
7251
7255
7258
7259
7268
7269
7273
7276
7280
7281
7282
7283
7285
7289
7292
7517,7295
7297
7300
7307
7309
7312
8258,7315
7323
7326
7328
7330
7341
7344
7351
7353,7354,7870
7358
7360
7362
7367
7369,8191
7370
7372
7376
7377
7380
7382
7383
7386
7388
7390
7391
7393,8547
7395
7396
7403
7410
7414
7415
7419
7422
7425
7428
7433
7434
7437
7441
7450
7451
7454
7465
7467,8172,7619
7469
7477
7478
7479
7480
7481
7482
7483
7485
7487
7495
7496
7497,8924
7499
7500
7502
7509
7511
7518
7519
7521
7525,8307,7541,7542
7526
7809,7527
7528
7529
7540
7545
7546
7548
7549
7551
7552
7555
7556
7561
7566
7568,8502
7569
7572
7579,8158
7580
7593
7596
7598
7604
7608
7609
7612
7614
7620
7623
7626
7629
7638
7641
7642
7643
7644
7646
7659
7660
7664
7666
7667
7669
7671
7672,8178
7674
7675
7682
7699
7704
7706
7709
7715
7718
7719
7720
7724
7727
7728
7731
7732
7734
7736
7737,9006
7739
7740
7745
7747
8338,7748
7749
7750
7757
7762
7764
7766
7767
7770
7772
7773
7774
7776
7777
7779
7781
7782
7783
7789
7793,8078,8774
7794
7801
7802
7803
7804
7806
7807
7815
7817
7818
7822
7824,7890,8639
7827
7832
7833
7835
7836
7840
7846
7849
7850
7854
7855
7864
7865
7869
7872
7876
7881
8922,7883
7887
7891
7894
7906
7910
7913
7915
7916
7918
8747,7919
7923
7924
7931
7932
7933
7935
7941
7942
7947
7948
7949
8781,7951
7954
7958
7962
7965
7969
7971
7975
7976
7979
7982
7986
7987
7988
7989
7994
7996
8003
8007
8008
8012
8015
8017
8019
8022
8024
8030
8034
8037
8039
8041
8043
8642,8045
8046
8047
8048
8051
8054
8057
8061
8062
8064
8067
8068
8070
8071,8783
8075
8076
8077
8085
8087
8092
8095
8096
8101
8103
8105
8109
8111
8112
8116
8117
8118
8123
8127
8128
8129
8130
8132
8134
8137
8144
8148
8149
8150
8152
8153,8519
8156
8180
8181
8182
8183
8185
8188
8190
8192
8194
8203
8205
8207
8212
8214
8217
8220
8224
8231
8234
8236
8238
8240
8242
8243
8247
8249
8251
8252
8254
8255
8259
8937,8260
8263
8264
8270
8271
8279
8280
8282
8288
8291
8292
8300
8305
8312
8316
8321
8323
8324
8327
8330
8335
8339
8340
8342
8351
8356
8357
8360
8364
8365
8366
8369
8370
8371
8374
8376
8380
8382
8385
8386
8399
8400
8401
8405
8407
8409
8411
8417
8426
8431
8432
8434
8435
8437
8438
8439
8446
8449
8451
8454
8461
8465
8466
8868,8938,8468
8472
8474,8501
8476
8479
8483
8486
8489
8492
8495
8505
8508
8511
8512
8515
8516
8520
8521
8523
8527
8530
8532
8539
8541
8542
8543
8549
8550
8552
8553
8555
8556
8561
8563
8570
8572
8579
8580
8582
8588
8591
8592
8593
8598
8599
8603
8605
8606
8607
8609
8614
8615
8617
8618
8622
8623
8628
8629
8631
8634
8636
8637
8638
8640
8643
8650
8651
8656
8661
8663
8667
8668
8672
8674
8677
8678
8683
8685
8690
8692
8695
8698
8700
8701
8703
8706
8707
8709
8711
8712
8714
8716
8720
8722
8724
8726
8727
8728
8730
8733
8735
8739
8741
8743
8745
8748
8749
8750
8751
8753
8754
8758
8759
8760
8761
8762
8764
8765
8767
8772
8773
8776
8778
8779
8780
8784
8786
8787
8788
8790
8791
8792
8798
8799
8800
8801
8802
8803
8804
8805
8806
8807
8808
8810
8820
8821
8827
8829
8836
8844
8846
8847
8849
8850
8851
8852
8855
8857
8866
8872
8873
8877
8879
8883
8884
8885
8887
8888
8893
8896
8898
8899
8901
8902
8905
8908
8909
8910
8913
8917
8920
8923
8926
8927
8930
8933
8940
8941
8943
8945
8946
8947
8948
8953
8959
8963
8966
8968
8969
8970
8972
8973
8974
8975
8979
8981
8982
8983
8986
8989
8993
8994
8997
8998
9002
9004
9008
9010
9011
9014
