0
8,7432,6536,2316,2957,6673,5779,4508,2461,1952,1452,3886,5168,1461,6842,8402,5843,5719,3671,6615,3935,6887,8813,8818,8822,4215
14
3731,8579,22,4911
1248,1186,1827,2567,5095,5096,1694,1781,2328,3420,1246,30,1823
34,734,295
8032,1824,4900,37,4078,2293,1017,1693
8832,7616,3459,6727,42,5744,4630,3642,2814,7999
6657,7555,3844,7941,7558,3335,7299,6915,8457,4363,8204,7691,7956,4116,7575,4249,5405,7966,4125,6050,6307,1701,3753,426,8747,7470,51,4788,2873,7486,8383,8002,3141,3654,2766,8655,3280,2129,2769,5336,7512,5212,619,5742,5617,5618,5236,4469,5753,2298,8831
5632,2561,6146,5123,4104,3593,4618,7690,1558,5655,5152,7712,5158,5163,6701,8239,7220,58,4667,3644,1598,3656,4680,585,6220,2127,2128,6226,3666,2132,7765,8789,4181,6738,6739,8280,4089,4704,6244,5735,3688,8297,4726,7799,8825,2173,3711,7297,133,4233,1683,7829,7831,3224,6299,6305,6823,5289,7338,1709,7859,7349,2745,7867,8891,8895,3778,7364,1740,1741,206,1742,8912,5324,5330,2771,6870,3292,6365,7902,2783,6878,7398,4327,8424,7917,3824,8189,2288,3312,6901,7928,6394,1787,7418,8447,7937,6913,4871,5899,2831,6928,8464,7446,7960,7450,4892,3357,5918,3358,3365,1836,3890,2868,7476,5943,6468,8004,1348,4420,1353,4437,4438,5975,3425,1891,3942,4457,5482,7532,2927,7024,6514,3443,2934,8568,3464,5513,7051,7566,6035,5013,1439,7587,1443,7078,5542,1961,4522,3501,5557,1977,1980,7101,1469,4543,965,5071,4561,6609,6097,8149,8161,2024,7657,5610,3051,1516,8174,8688,3573,6133,2039,7161,3578,5116,2045,5630
2162,782,3734,63
1569,8066,68,7848,8617,6922,2860,7726,6606,5552,3503,8053,4889,7544,3225,5052,7293
74,2125
81
88
5128,5129,98,94
7682,2053,1543,4103,7696,2065,5137,2067,6677,8226,4643,2602,2603,6192,3127,6207,583,2644,3669,2654,97,4707,7271,5224,4204,7277,1142,4218,5755,2687,3713,4737,3719,3721,4748,2188,3728,1681,7827,3227,4767,2724,8363,2221,1713,6325,694,1724,1215,3776,4806,5318,3788,8397,1747,2773,217,3801,729,5857,1767,2793,4843,7409,1778,6898,2804,5363,5878,5369,251,4350,5892,4869,262,7950,4368,6933,7448,4379,8478,4394,5931,6958,6968,3898,1852,2885,4425,4942,4945,3413,4955,863,2914,4451,2917,6501,869,4453,4974,8565,2421,8056,895,6018,2436,3977,7563,6027,5519,6031,2962,3987,6549,6554,7578,1435,2973,1438,7583,424,4521,5548,430,2995,951,4026,3005,3010,4050,1495,3032,477,7649,5090,4593,4595,5626,2559
99
108
1664,7809,6658,5263,150,1686,1687,2462,1831,5423,2226,6198,953,954,8130,2629,2630,5829,8392,2377,6858,5453,8526,2512,4688,1365,6741,5339,1374,8544,1381,2278,7527,495,4592,117,4853,4221
123
8096,128,2882,7629,7703
135
8736,8441,5253,4841,7978,3498,3820,140,4815,8050,7796,5877,1719,2296,8345,7550
7172,8996,6374,9000,8905,7786,715,4524,8303,6479,144,3637,1909,1147,6942
7064,1467,156,7758
160
165
169,7662,1391
640,3329,8576,643,8448,3461,8710,5639,7688,5765,4483,8592,8977,3474,8341,4373,7322,2331,1434,6137,7839,4515,2467,6308,2342,7717,8998,5420,175,8367,4913,2482,3123,2612,6194,438,6196,5051,3004,6907,8001,3523,8133,7752,6605,3406,4947,7508,7895,7257,3162,2265,5853,864,2016,7011,3684,8167,6381,1774,7535,6387,8444,7032,2169,3450,635,3836,7423
181
184,2953,2156
4071,3751,8551,1682,5459,8500,4343,7993,190
195
8343,7858,3196,199
3207,1671,392,2823,1679,2069,5653,3607,3608,2582,4890,2841,2205,3102,3106,6309,3237,2087,1958,937,938,4523,1959,828,2751,834,2116,2248,3023,212,2645,1240,218,859,475,4318,355,1380,743,2920,241,372,3452,510,3455
214
8071,6931,8596,7069,2077,1566,6181,3878,5164,7215,565,2233,8783,1750,222,4461,2158,6134,1403,8574
1921,227,2759,1933,1934
2758,231,1929,5579,1519,1524
1025,1155,1674,2827,1548,1676,5008,3222,2585,1564,1052,3108,6436,1576,7592,2218,3760,2225,3383,2107,2109,2237,706,2371,2372,2118,2251,3022,3279,848,593,853,3933,740,871,2919,5481,2666,235,3565,366,370,2679,376
1579,236,5424,3126,2327,3931
237
1888,3748,5198,7474,243,471,3705,5983
6625,6626,6531,4391,8169,6061,4973,244,1525,1917
247,4503
254
258
4356,1545,265,1677,5007,2842,2459,1565,927,1829,1834,2104,5310,8000,3142,6726,3402,978,1235,3283,3928,2778,6876,862,1503,1377,738,2923,3186,4210,502,5367,379,2812,1918
5376,2570,267,4124,8477,1568,2082,2210,2084,3238,4393,4531,5812,2750,3007,3269,841,844,3577,3662,3791,846,466,1237,2520,4572,1373,4188,4321,2921,2922,6890,3187,4086,4087,6649,3454,6399
4996,4229,271,273,788,4006,1965,4539,2108,7240,1994,2123,4049,5586,2780,737,5089,490,4076,4339,503,507,4606
274
280
284
644,2825,3090,1050,3355,2844,3739,289,1581,2742,9015,695,1721,2106,955,2490,2241,836,3783,2124,845,2255,469,5239,473,4827,7515,857,5088,4322,2918,4077,1262,2671,3566,1015,1274,2557,1919
292
294
736,1825,1022,297
3072,2042,873,300,3284,5207,5208,5402
872,303,6384,3856,2553,2041
3075,712,7577,441,4684,2672,305,1689,443,3516
6338,5603,4647,7946,1968,6067,308,5141,4599,4059,7325
311
5425,314
317
320,3411,4694,935
325
332
344
350
3180,358
360,2978,2083
2693,2503,363,7052,1356,2062,472,6109
3456,2088,365,367,5087
368,7417
3204,646,1067,3021,814,1436,3184,817,4978,5780,6389,374,697,860,3199
2240,7709,7239,8842,1173,2454,2105,380,3421
7853,6766,2292,4669,382
387
838,395,1885,397
398
400
404
408
412
417
434,8103
8965,5767,1932,1296,3861,8471,4891,4514,549,4906,8106,1584,2354,1587,1588,7989,4402,8121,2235,956,1853,2236,2238,445,4545,2756,5703,4040,1614,4814,2385,977,1108,981,3158,6235,2011,1504,4449,2019,5223,3183,5234,7539,6005
447
452
454
459
8513,465
479
7169,483,3209,5354,5034,8559,2384,4241,5361,721,2999,3313,6263,3960,5403,5980,6366,6335
484
489,6675,509
4605,491,5573
492
5730,4875,7019,5148,496,532,1144,3708
499
512,1320,3663,4208,504,4665,2782
513
6273,515
5242,7668,519
8354,2731,524,5531,2965,1814,2967,4475,5532
526
5920,5955,909,7534,529,7030,8319
535
5664,4613,4585,4760,540
5329,543
547
553
556
559
4357,1191,6954,6827,8139,3026,2550,6583,8950,569,3287,2012,5149,1150
572
576
4739,589,2061,4371,5971,4317
3782,842,591,1935,4598,1688,2811,829
5447,1608,7403,1101,2190,595,7455
599
604
612
622
624
7288,4212,630,2623
8903,8107,5644,7089,632,3003,5214
637
3393,2491,645,2318
649,6540,6797,6670,6940,7581,5791,3362,3874,7489,6345,4306,5974,5468,4189,3681,5733,4966,3561,8826,6651
7298,6457,653,7540,6647,6265
657
668
670
8590,675,4782,7343,9013,5941,2113,7878,5448,1357,8911,7123,6102,7897,990,7266,1893,4582,6637,5883,2302
678
685
689
1795,1157,3081,2314,3979,8332,5134,6287,7700,6550,3479,7320,3993,4258,7976,5807,1202,1459,4919,6201,698,4795,3901,4556,6487,2397,8286,5601,7393,8547,8442,7021,8049,7034
8962,5479,4909,5202,8501,8474,701,8158
704,732,1028,6659,1019,3882,3759,2587,4283,1820
2048,709
725
745
748
8422,7272,1450,750,3504,5498,8639
753
761
762
763
768
773
5017,779
786,5043,6662,3303
8932,3462,1606,8265,2794,3154,6452,790,8155
791
795
799
802
4003,804,1223,1772,7189,5050,6491
4062,807
6946,810,812,1294,3252,4600,3100
818
825,4590
830,6623
832,7842,2916,6121,1068,1840,7348,6392,4506,1595,3772,893
850,852
7885,855
858
6456,6665,868,4192
874,2044
876
881
888
894
899
7523,5924,902,5706,8141,8719,6575,3825,3832,8915,5111,3639,4632,1117
912,3545,1911
6685,4867,6275,7973,7459,3594,5166,1231,3888,5745,1331,2451,916,7636,5500,3135,6015
8647,5709,918,8856,8575
920,4689
4664,923
929
1832,1833,932,5101
940
942
1665,4995,3301,5607,1964,7053,946
6689,1542,2735,948,5847
2626,2499,3625,4826,2554,2588,2269,958
7296,7813,8838,6663,7305,3085,7058,1685,8086,4248,5281,4641,2475,5037,3889,8504,959,5312,5186,6980,4808,5193,7755,5325,7504,8916,3028,4959,7904,3808,6371,7908,1511,5226,8554,8175,3439,6001,8817,7925,1526
962
1408,4354,8330,8587,7821,3342,7059,8854,2968,4381,3109,7589,8619,8621,7471,3634,7346,2615,3129,3771,8393,970,8394,6864,2387,7635,7648,7420
3810,974,8880,8434,7606,7294
3473,980
4650,983
987
993
998
1003
1007
3968,8967,6920,5001,8458,2058,5902,5778,8083,6425,5401,3615,3744,3630,5935,1329,6966,5049,8257,5442,3908,4805,6089,5450,7243,2508,8649,4431,5458,4819,1493,4185,3551,6240,7141,4205,4847,1011,6515,4341,6776,8827,8060
1030
1037
1038
1040
1042
1053
1058
1059,3858,4532,8245,4245
1061
1065
1072,8289,7590,4718
6180,6117,5830,6789,2186,2283,4397,1074,6619,5629,5151
1076
7689,8715,7573,3876,3371,6834,1078,2493,8897,3140,7882,5708,4304,3665,7634,8419,8042,4331,7660,7663,3441,6390,7033,6909,1535
1080
1084
1088
1089,7619,5255,4839,7467,4780,7725
1093
1097
1105
1110
1115
1984,5510,1805,7759,6459,1118
1120
1122
1126
1130
5476,8197,6877,5578,1134,7311,3727,8497,7253,4246,6805,6008,4477
1136
1140
3233,3524,8389,8423,3050,4106,4364,5262,1143,7611
2433,4615,8201,5642,6926,7443,5398,7837,6048,4771,7096,3273,8907,8793,7390,4323,6500,4196,5622,6135,1146,8573
1152
1154
1160
1163
1167
1170
1172
1176
1184
7057,2514,1188
1194
2694,3400,2121,7693,1198,2294,5023
1199
1205,3574
1210
1212
1216,2757,5712,1716,1887
1219
5380,1221,4009,8752,7607
1225,2573,2161,3257,5756
7681,6148,8328,2699,6930,8084,5793,5292,7217,5693,7493,5065,1227,8934,3816,6124,7406,6003,2164,5884
1229
1233
1234
1242
1250,5648,5366,2488,1786
1251
2272,1254,3239,1422,1518,7408,5490,2740,8318
1256
1264
1266
1271
3700,4024,7194,1755,1277
2787,3397,1278
1281
1284,7824,5489,7890,4052,5784
4144,5788,1285
8704,2178,1286,7079,2090,4811,1338,5933,7083,8403,7286,8470,4602,1339,8159
1288
1298
1300
1302
2660,5772,4589,4622,3315,7412,5332,6167,1305
1307
1311
1314
1317
1323
1324
2122,1325
1326
1793,5700,7179,1332,8440,6813,6111
1334
5061,2463,8553,8659,8883,1341,5215
1346
1358
1361
1368
1370,4823
7216,5553,1376,2223
1384
1387
1394
1399
2208,7686,6183,6857,6655,4591,8914,6742,1405,6591
1411
7458,6724,1414,4903,6222,8726,8028,4701
1418
8138,1427,8172,5295
1429
1447
1455
1463
1466,4998
1473
1474,4803,8770,3401,2320,5522,5811,5112
8705,1476,8309,5412
7457,1481,8881,7321,5978
1484
8834,1487
1490
1498,3214,8535
1501
1506
1513,2340
1514
1521
6952,1529
6640,1531,5628,6835
1536
7378,1538
1540
1550
1554
8262,4074,8469,3768,1561
4255,6756,7301,6471,4551,6634,9005,8815,7665,2706,2833,8633,1562,3998,5183
4738,6725,8232,8717,2227,3860,2646,1567
1571
3041,1575,8627,4895,3581,6559
4320,4740,6669,1586,1850
1589
1592
1596
1601
4957,2747,1604,5837
1610
7072,6433,4039,2824,1612,8179,6772,1945
1616
1619
1623
1625
1629
1630
1631
1635
5670,6728,1640,8301,3281,4852,8886,7231
1642
1643
1646
1649
1653
1655
5761,7362,2946,5921,2373,1657
1660
6162,1662,8223
1667
8530,2723,1668
1691
1692
1696,7651
1697
1699,5284,4037,8974,7922,3797,3675,5437
1705,5570,5130,8415
1706
1717
1718
1722
5699,1727
1730
7468,1733,8278
1734
1738
1744,7028
2120,4139,1752
1757
1759
1762
4121,1769
1770
6534,4525,7312,1776,7221,2911,7167
1784
3042,2375,7369,3538,1789,8191
1791
1796
6113,1797,6845,6567,6091,3120,6290,5597
1798
1801
1806
1807
1955,2820,1811,6548,2457,2683,4284,5533
1816
1818,1925
1821
1830
1838
1843
1847
1849
3190,5368,7355,4860,1854
1857
3842,1860,3909
1863
1865
6496,4097,7812,5031,1868,6903,6584,7773
3528,1869,4399
4963,2276,5230,1873,5880,5055,6203,7071
4113,1874,7845,8823
1878
1882
1889,8258,2822,5415,1960,7315
1898
1900
1905
6017,7265,1914,4717
1923,6206
1928
3105,1936,3185,2738,4216
1937
1940
6472,8185,5537,1941
1944,2786,4413
1946
2532,7120,2705,8604,3325,1950
1957
1967
1970
3048,1972
1973
1986
1989
1991
4227,5989,1998,3761,8882,4657
2000
2002
2007
2008
2014
2023
2027
2031
2034,3103
2038
2043
4930,8236,4365,8276,2046,7743
4560,2051
8548,2052,7237,3710
2056,8460
2071
2897,2074,6654
3920,7130,7826,2078
2080
2089
8763,3892,2094,8958
2096
2102
3554,8645,3540,4857,2110
6440,2111,5487
4802,7274,8652,2135,6362
2137,3846
2140
2145
2147
2149
2153
5393,8202,5707,2167
2177,5702,5286
2180
2184
8302,2194,3285,8026,8094
2196
2199
2203
2977,2274,6773,2206
5068,2212
2216
2219,3182
2222
4828,2429,2350,2229
2242
2247
3176,2252,2254
2256
2258
2262
2273
2279
2284
2286
2290
2299
2300
2303
2307
3097,2309
2313
2323,6508,2813
2324,2326
2334
5856,2689,2338,6049,5854,6103,2647,8088,7513,3290,7102
2339
2344,3881,6963,6627
2347
2351
2352
2355
2359
8602,2362
5136,8322,2363,3564
6544,5009,2364,6646
3978,2366
2367
2378
6242,4968,4969,8009,4972,4332,2381,7856,7125
2386
2390
2399
2402
2404
5377,6562,6919,2407,3530,6032,4722,4763,7517,7295
2409
2412
2418,3131
2600,6393,2422,4967
2425
5539,5606,2950,8584,4617,7114,8146,4756,2485,4949,7927,6648,2431
2434
2437
2438
6073,2444,2583
2445
2744,2449
2762,2460,3853,3582
2465,3597
2469
2996,2471
5093,5862,2472,8079,6802,2901,6616,4601
2474
2477
2478
4837,2495
2500
3521,2502,6326
2505
2510
2517
3305,7918,2518,8310,7677
2523,3838
3403,2524
2525
2528
2530
2535
2537
2539
2541
2543
2546,7855
3352,2547,8485,7431
2555
6953,7602,2558
2563
2568,5249,3722
2571
2575
6929,2578,3629
2580
2589
2591
2595
3617,8971,2604,7187,5850,5917
2606
2608
2610
2614
2617
2619
2624,7427,3174,8681,4537
2631
7754,2635,4724,5495,8987,5372
6588,2639
2642,7139,4326
2655
2659
2661
2664
2667
2971,2669,2670
2674
2675
2680
2688
2691
2692
2696,6730,8487
2702
2704
2708
2710
2711
2714
5621,2715,2949
2716
2722,6867,6680,6585,7133
2727
2728
2732
2733
2748
2754,6871
2761,8862,4652,6702
2765
7929,4716,6046,2767
2775
2789
2796
2799
5297,2803
2806
4516,7784,3724,4623,8848,7122,2809
2816
2818
4550,3531,2828,7595,2905
2829
6161,4938,2830,3095
2834
2837
2845
2848
2850
2855,6951,7211,8877,5518,6800
2856
2858
2862
2864
5497,2866,2980
7632,2867,4191,6007
7073,5815,6830,4604,4596,2870,4790,6236
2875,3188,8534
8557,2877
2878
2879
2883
2889
2891
2893
2894
2895
2906
2909
2924
2929
2932
2940
2941
2943
2956
2959
2964,7653
2972
2976
2983
2989
2992
2997
3001
3011,7939,3850,7249,4022
3013
3016
8889,3018
3020
3025
3035
3037
3038
3039
3045
3054
3057
3059
5840,3064,8595,8104
3065
3068,8222
3069
3077
3088
3091
3093
3099
6716,7694,3111
3112
3115
3117
3122
3132
3138
3139
3143
3144
3145
3146
3148
3153
3160
3164,8725,7430,8853
4512,3910,7952,6587,3165
3166
3169
3171
3172
3175
3178
3179
6880,5474,6116,3736,8016,3192,6269
3193
3201
3202
3208,6808
7113,3212
3215
3216
3217
3218
3219
3223
3226,3294
3229
3234
3242
5062,7016,5545,5321,4041,5804,4685,3245,4369,7091,5909,4991
3247
3248
3253
3254
8429,5748,6231,7834,3259,8796
3261
3263
3264
3266
3270
3272,8906,8756
3277
3282
3286
3288
3296
5760,8777,3298
3299
3302
3306
3308
3314,4866,4678
7107,3317
3319
3321
3322
3331
3337
3338
3339
3340
3346
3348
8352,8323,3619,5609,6706,7061,5527,3356
3360
3367
3369
3370,7591
3374,8694
3375
3377,4939
3378
3379
3382
5696,3384,6291,8894
3385
3388
3395
5504,3398,7816,8052,7710
3415
3418
3419
3423
3427
3430
3433
3436
3568,7673,3437
3438
3448
3449
5561,3460
3466
8515,3468,7183
3470
3472
7875,6795,4175,8210,3475,4473
7464,3477,4478
3480
6002,3483
3484
3487
3489
3491
3493
3495
3507
3509
3510
3511
3518
3519
3520
6274,3526,7127
3533
7379,5053,7510,3535
3536
3539
3541
3542
3548
3550
3552
3553
3557
5543,3567,7087,5435,6620
3570
3585,4084
3586
3589
3592
3600
4034,3603
4609,8456,6126,3667,3604,5018
3609
6122,3611
3616
3621
6441,3623
3626
3628
3632
3635
3641
3647
3649
3650
3651
3657
3659
3673
5986,8294,6317,4943,5431,3678,6687
3682
3955,3686
3689
3692
3694
3695
6600,3696
3698
3702
3704,7905,8920
3706
3715
3716
3718
3738
3740
3755,8503
3756
3763
7490,7655,7371,8207,6004,3765
3775
3780
3785
3792
3793
3795
3798,6406
3803
3812
4456,6481,3814
3818
6208,7753,7147,3821,5358,6672,3991,4984,8213,5559,7384,5434,6174,7263
3826
3827
4504,3828
3831
3834
3840
3843
7713,3857
3864
3865
3871
3872
3883
4138,3884,5964,5936,7761,4401
3894
3896
8452,8746,6349,7407,7984,5848,4501,4952,3897
3904
3911
3913
3916
3917
3923,6477,7357
3925
3927
3934,7452,5582
3936
3939
3944
3947
3950
3952
3953
3958
3964
3970
3971
3973
3974
3976,5505,5209
4691,3982
3984
3989
3992
8992,3997,7366
4000,8325,6286,8306,7314,7707
4011
4014
5506,6188,4016,5754,8347
4017
4019
4020
4023
4027
4030
4036
4042
4044
4046
4961,6604,4054,6074,7868
5792,4058
4060
4067
7893,4070
8769,6574,4079,5524,5460,7413,4893
4081
4082
4818,4085
4091
4092
4094
4099
4101
6764,4108,7806
4348,4111
4112
5881,4114,6283
4115
4117
4118
4122
4127
4129
4133
4134
6711,4135
4137,6259
4141
4143
7473,4340,4145
4146
4148
6844,8124,5301,4150
4153
8904,7545,4157
4160
4163
4165
4167
7608,4169,7318,6855
4170
4172
4173
4177
6978,8585,8115,8755,4182,7738,4700
4183
4187
4193
4195
4198
5220,4199
4213
4219
4222
4223
4224
4225
4230
4234
4236
4243
4251
4253
4257
4259,5350
4528,4262
4264
4267
4271
4273
4275
4277
4279
4282
7955,4285,4965
4287
4290
4292
6144,4293
5098,4295,4495
4298,8723
4299
4302
4303
4307,5587
4310
8314,4311
4312,7597
4316
4324
4329
4333
4335
4338
6744,4344,8918,6151
4346
4352
4658,4359
4360
4367
4376
5512,4377
4382
4383
4384
4386
4388
4392,8601,7054
8154,4395
4396
4403
4406
4407
4410
8768,5635,6120,7337,6443,4414
4415
4416
4418
4421
4424,7162
4427
4428
4429
4434
4436
4439
4440
4444
4445
4448,6912,5716,7373
4459,6860,7511,8215
4463
4464,6191
4466
4472
4474
4480
4705,4482,7733,8311
4485
4488,7410
4492
4497
4498
4499
4500
4505
4510
4517
4520
4529
4534
4542
4548
4552
4553
4558
4563
4565
4569
4570
4575
4578
4579
4581
4588
4597
6258,4607
4610
4616,5375
4624
4625
4627
8956,8581,4631
4635
4636,8277,5990,8268
4637
4639
4645
4648
4653
4654
4656
4661
4663
4670
4673
4674
4676
4682,7303
4693
4696
4698
4703
4706
4708
7852,4709
4710
4713,5265
4720
4729,6809,7531,5550
4732
4733
4741
4742
4744
4747,7075
5667,6563,4752,5680,6170,6911
4754,6612
4758
4764
4766
4770
4772
4776
4777
4783
4786
4791
4797
4800
4809
4812
4813
6560,7074,4817,6899,7838
4824
4831
4834
4836
6344,4844
5509,4846,6295
4849
4851
7936,6723,4855
4861
4864
6785,4868,5898,7983,7961,5334,5849,8794
4872
4873
4877
4878
4880
4886
4896
4898
4902
4904,6990
4905
4915
4921
4922
4925
4926
4927
4932
4935
4936,8839
8809,4946
4954
5122,4956
7218,4958
4970,5571,6213,5438
4976,5299
4979
4980
4982
4983
4986,5293
4989
5627,4990
4992
4994
4999
5002
5005
5011
5016,7530
8368,6323,5020,5070
5022
5024
5026
5030
5032,8036,8772,5839
5040
5046,7055
5047
5057
5060
5063
5064,8126
5066
5072
5074
5075
5078
5080
5081
5082
5091,8462
5097
7722,5099
5100
5102
5103
5107
5114,7695,8775,7570
5115
5117
8362,5119,6765,8871
5120,5121
5125
5131
5132
6057,7507,6851,5135
5139
5142
5147
5155
5466,5156,8166,7063
5159
5171
5174
5181
5185
5188
5191
5195,7894
5204
8928,8833,5216,8267,8151
5217
5221
5288,5869,5229
5232
5238
5241,6068
5244
7633,5245
5246
5256,7170,7132,6470
5257
5258
5260
5264
5267
5269
5270
5271
5273
5275,5886
5276
5280
5282
5287
5303
5305,7340,8708
5308
5313
5322
5323
5328
5335
5342
5344
5346
5347
5352,6322
5353
5355
5356
5364
5365
5381
5382
5385,6011,8751
5386
5387
5391
5392
5395
5397,8661
5404
5406
5407
5408
5410,6947,8648,7090,6044,8287
5417
7259,5419
5426
5428
5429
5432,6289
5436
7336,5439
5441,8771,7494
5443
5444
6080,8525,5445
5449,8290
5452
5454
5455
5457
5464
5470
5471
5473
5477
5478
5480,6712
5484
5486
5493
8283,5502
5507
5508
5516
5521
5529
5530
5535
5536
5541
5546
5549
5554
5562
5563
5566
5575
5577,7164
5580
7291,5581
5583
5584
5588
5592
5593,7553
5594
5595
5605
5612
5613
5616
5619
5624
5633
5637
5638
5640
5643
5646
6179,7565,5647
5649
5650
5654
5658
5660
5665
5668
5671
5672,6355,6347
5673
5675
7554,8873,5677,6768,8379,8701
7866,7652,5678
5683
5685
5686
5688
5690
5694
5698
5704
5705
5710
5713
5715
5718
5720
5722
5724
5725
5729
5731
6328,7400,5736,6558
5739
5740,8564
6248,5750,6941,8230
5759
5764
5766
5768
5770
5773
7901,5775
5776,6276
7706,7628,5781
5785,7082,8650
5786
8165,6729,6062,7899,7805,5790
5794
5797
5799
5802
5805
5809
5810
5817
8081,5819
5820
8713,5823
5825
5827
5831
8824,5834,8098
5841
5845
5852
5855
5859
5864
5865
6178,7304,5866,6028,7411
5867,5957
5868,8244
5873
5879
5887
5890
6401,5891,8164,7126
5893
5894
5897
5901,7397
5905
6998,5906,6828,7350
5907,6661
8163,7363,5911
5913
5915
5922
5925
5928,7213
5932
5938
5946,7150
5947,8142
5950
5954
5956
5959
5960
5961
5965
5967
5968,7095
5970
5972,7767
5973
5984
5991
5993,8874
5994
5995,6524
5996
5998
6012
6014
6019
6020
6021
8195,6022
6024
6026
6029
6034
6038
8334,6039
6040
6043
6045
6047
6403,6051,7967
6053
6060
6064
6065
6070
6075
6077,6983
6079
6081
6084,6391
6085
6088
6093
6098
6100
6105
7762,6715,6107
6114
6118
6119,6791
6128
6129
6130
6131
6602,6139,8396,8511
7537,6363,6140,7375
6141
6142
6149
6152
6153
6154
6157
6160
6163
6165
6166
6168
6169
8976,6172,8901
6176
6184
6187
6190
6200
6205
6211
6215
6216
6217
6221
6224
6225
6228
6232
6233
6237
6238
6243
6245
6249
6250,6629
6251
6252
6254
6260
6262
6267
6270
6278
6279
6280
6281
6282
6284,8198
6292
6293
6296
6298
8019,6302
6303
6310
6311
6313
6316
6319
6324
6330
6334
6340
6341
6346,7333
6351
6352
6354
6356
6359
6367
6369
6818,6372
6375
6376
6379
6380
6385
6396
6398
6405
6407
6409,7116
6411
6416
6418
6421
6423
6424
6426
7769,6428
6431
6432
6434,6917
6437
6445,7487,8671
6446
6447
6450
6454
8033,6458
6461
6462
6464
6465
6840,6466
6467
6474
6483
6486
6490,7042
6497
6498
6503
6507
6511
6516
6518
6520
6522
6526
6528
6533
6535
6538
6539
6542
6545
6551
6556
6561
6566
6568,8205
6570,8653
6572
6577
6578,6676
6579
6589
6592
6594
6597
6599
6603
6607
6610
6614
6617
6621,6854
6624
8335,6631
6633
6635
6636
8449,6638,8494,8496,7604
6639
6641
6642
6643
6650
6653
6664
6667
6668
6674
6681
6682
6683
6691
6692
6695
6698
6699
6704
6708
6709
6710
6713
6717
6720
6721
6731
6732
7488,6733
6735
6736
6745,8875,7892,8510
6747
6749
6750
6752
6757
6759
6760
6761
6767
6769
6771
6774
6777
6780
6782
6786
6788
6790
6793
6796
6798
6803
6811
6815
6817
6820
6821
6826
6831
6833
6836
6837
6839
6841
6848
6850
6852
6853
6859
6862
6872
6873
6874
6882
6885
8499,6892,8390
6893
6894
6895
6896
6904
6905
6906
6916
6923
6934
6936
6944
6948
6955
6961
6965
6967
6970
6972
6973
6976
6979
6982
6984
6985
6986
6992
6994
6997
7001
7002
7006
7009
7010
7013
7014
7017
8120,7020
7023
7026
7889,7029
7031
7037
8046,7039
7040
7043
7044
7046
7047
7050
7062
7065
7067
7076
7080
7081
7084
7088
7092
7093
7097
7098
7100
7104
7108
7111
7117
7124
7128
7134
7136,8432
7138,8679
7140
7142
7143
7145
7151
7152
7154
7157
7159
7168
7171
7175
7177,7930
7181
7186
7404,7790,7190
7191
7192
7193
7195
7197
7198
7201
7203
7205
7206
7207
7209
8296,7210
7223
7226
7229
7232
7233
7236
7241
7246
7247
7251
7255
7258
7260
7264
7268
7269
7270
7273
7276
7280
7281
7282
7283
7285
7289
7292
7300
7307
7309
7319
7323
7326
7328
7330
8802,7331
7334
7341
7344
7351
7353,7354,7870
7358
7360
7367
7370
7372
7376
7377,8061
7380
7382
7383
7386
7388
7391
7395
7396
7414
7415
7419
7422
7424
7425
7428
7433
7434
7437
7439
7441
7447
7451
7454
7462
7465
7469
7472
7475
7477
7478
7479
7480
7481
7482
7483
7485
7492
7495
7496
7497,8924
7499
7500
7502
7509
7518
7519
7521
8307,7525,7542
7526
7528
7529
7536
7541
7546
7548
7549
7551
7552
7556
7561
7568,8502,8327
7569
7572
7579
7580
7593
7596
7598
7599
7600
7609
7612
7614
7618
7620
7622
7623
7626
7638
7641
7642
7643
7644
7646
7659
7664
7666
7667
7669
7671
7672,8178
7674
7675
7685
7699
7704
7715
7718
7719
7720
7724
7727
7728
7731
7732
7734
7736
7737,9006
7739
7740
7745
7747
8338,7748
7749
7750
8227,7756
7757
7764
7766
7770
7771
7772
7774
7776
7777
7779
7781
7782
7783
7789
7793,8078
7794
7801
7802
7803
7804
7807
7815
7817
7818
7819
7822
7832
7833
7835
7836
7840
7841,7903
7846
7849
7850
7854
7862
7864
7865
7869
7871
7872
7876
7881
8922,7883
7887
7891
7906
7910
7913
7915
7916
7919
7923
7924
7931
7932
7933
7935
7942
7944
7947
7948
7949
7951
7954
7958
7962
7965
7969
7971
7975
7979
7982
7986
7987
7988
7991
7992
7994
7996
8003
8007
8008
8011
8012
8015
8017
8022
8024
8030
8034
8035
8037
8038
8039
8041
8043
8642,8045
8047
8048
8051
8054
8057
8062
8064
8067
8068
8070
8075
8076
8077
8085
8087
8092
8095
8099
8101
8105
8109
8111
8112
8116
8117
8118
8123
8127
8128
8129
8132
8134
8137
8143
8144
8148
8150
8152
8153
8156
8180
8181
8182
8183
8188
8190
8192
8194
8203
8212
8214
8217
8220
8224
8461,8231
8234
8238
8240
8242
8243
8247
8249
8251
8252
8254
8255
8259
8937,8260
8263
8264
8270
8271
8279
8282
8284
8288
8291
8292
8300
8305
8312
8316
8321
8324
8339
8340
8342
8348
8351
8355
8356
8357
8360
8364
8365
8366
8369
8370
8371
8372
8373
8374
8376
8380
8381
8382
8384
8385
8386
8388
8399
8400
8401
8404
8405
8407
8409
8411
8413
8417
8426
8431
8435
8437
8438
8439
8443
8446
8451
8453
8454
8465
8466
8868,8938,8468
8472
8476
8479
8483
8486
8489
8492
8495
8505
8508
8512
8516
8519
8520
8521
8523
8527
8532
8537
8539
8541
8542
8543
8549
8550
8552
8555
8556
8561
8563
8569
8570
8572
8580
8582
8588
8591
8593
8598
8599
8603
8605
8606
8607
8609
8614
8615
8618
8622
8623
8626
8628
8629
8631
8634
8636
8637
8638
8640
8643
8651
8656
8658
8660
8663
8667
8668
8672
8674
8677
8678
8683
8685
8690
8692
8695
8697
8698
8700
8702
8703
8706
8707
8709
8711
8712
8714
8716
8720
8722
8724
8727
8728
8730
8733
8735
8737
8739
8741
8743
8745
8748
8749
8750
8753
8754
8758
8759
8760
8761
8762
8764
8765
8767
8773
8774
8776
8778
8779
8780
8781
8784
8786
8787
8788
8790
8791
8792
8798
8799
8800
8801
8803
8804
8805
8806
8807
8808
8810
8820
8821
8829
8830
8836
8841
8843
8844
8846
8847
8849
8850
8851
8852
8855
8857
8861
8865
8866
8872
8879
8884
8885
8887
8888
8893
8896
8898
8899
8902
8908
8909
8910
8913
8917
8923
8926
8927
8929
8930
8931
8933
8940
8941
8943
8945
8946
8947
8948
8953
8959
8963
8966
8968
8969
8970
8972
8973
8975
8979
8981
8982
8983
8986
8989
8993
8994
8997
9002
9004
9008
9010
9011
9014
