0,1536,7682,3077,2053,1543,519,4103,5128,5129,7183,7696,2065,8722,2067,6677,5654,7704,7201,8226,4643,6695,2602,2603,4654,8750,6192,6709,3127,6207,3647,3138,8259,5188,7749,4678,583,6216,1097,5191,8271,5713,6228,2644,3669,2647,7255,1625,2654,94,4703,97,98,4707,7265,7268,8798,7271,5224,4204,7277,5232,6262,1142,8312,4218,6267,5755,5244,2687,2689,3713,4737,4230,3719,3721,5770,4748,5773,2188,3728,1681,7827,3227,5275,3229,4767,2724,2728,8360,3242,8363,2221,1713,6325,1718,694,7865,1724,8382,1215,3776,2754,4806,5318,5323,3788,3277,8397,3795,2773,6871,3801,217,729,5854,5856,5857,6882,1767,2793,4843,4335,7409,1778,3314,8948,6898,2806,7415,5878,5363,5369,251,3838,5886,7424,6401,4350,5891,5892,4869,262,5893,1288,6409,8973,7950,4368,8979,6933,7958,7448,4379,8478,2344,4394,5931,4395,7469,6958,7991,6968,7481,3898,1852,4925,8513,1346,8515,2885,8520,4425,4427,3917,4942,1358,4945,8532,3413,4955,863,2914,4451,7013,2917,6501,8039,869,4453,8043,4974,8565,2421,1399,8056,2425,1914,4989,895,6017,6018,2436,2438,3977,3466,7563,5516,6027,3468,6031,2962,3987,6549,6554,7578,1435,2973,1438,7583,6049,8099,6053,3493,2471,424,4521,8618,5548,6572,430,7598,2477,4017,2995,2996,951,4026,6075,3005,7102,447,6079,3010,7618,1989,454,5575,1991,7116,5580,4050,1490,4565,6103,7128,3032,8154,8667,2523,477,1495,7649,5090,4581,8677,3557,2537,8683,5612,2539,3054,4593,4595,8180,5626,6142,2559
2820,8,7432,6536,2316,2957,6673,1811,6548,2965,1814,2967,3864,2457,5779,5531,4508,2461,5532,5533,5280,1952,8354,1955,8095,5419,2731,3117,1452,1455,5168,1973,4150,1461,6842,8252,4284,5566,3016,8402,5843,8404,6997,3671,5719,4440,6615,7259,8411,8926,3935,5347,2789,7910,6887,8685,8813,2031,5616,6896,6130,4475,8818,8822,4215,3321,2683
7552,7681,1793,7553,6148,1797,4741,4613,8328,779,7179,14,1937,6290,6930,8084,4760,5017,540,6813,5793,2212,6567,7720,5292,3120,7217,1332,6326,4282,6845,5693,3521,5700,7493,2502,5447,7495,5065,1227,6091,5068,3792,8656,595,3925,5593,5597,8030,6111,6113,8934,1126,3816,6124,7406,4338,6003,2164,1271,8440,5884
4352,8579,6426,4877,8302,4911,2194,3731,3285,22,8026
1248,1186,1827,292,2567,5095,5096,1694,1246,1781,2328,3420,1757,30,1823
8032,1824,34,387,4900,37,295,4078,2293,1017,1693,734
8832,7616,3459,5155,8549,6727,3337,42,5744,6837,3642,2814,7999
6657,7170,7685,6152,7691,8204,3600,8720,6163,4116,4125,1575,5675,8747,51,3141,3654,2129,2137,3675,5212,6237,3165,619,4716,5742,5236,5753,8831,8321,7299,5256,4234,8334,4249,6307,1699,1701,3753,7341,1199,4788,7353,7354,7870,8383,2766,2767,3280,2769,3797,5336,2786,8931,4324,7919,7922,7929,2298,2300,6915,3844,7941,3846,3335,6916,8457,4363,8974,7952,7956,1302,6934,5915,2845,7966,7470,4406,2873,6970,5437,7486,4927,8002,6470,3910,5970,7512,5471,7521,2409,1898,3433,3955,4469,1911,3448,4482,7555,7558,912,7575,1944,6039,6043,6046,6050,426,6587,8655,3545,7132,1501,5617,5618
5632,2561,8194,6146,3593,4618,7690,4112,1558,5655,7707,5152,7712,3621,7205,4133,5158,4138,5163,6701,8239,7218,8243,7220,6712,1080,58,4667,3644,6715,6717,3656,4680,1610,585,6220,8779,2127,2128,6225,6226,3666,2132,7765,8789,4181,6738,6739,8280,7772,6244,3688,8809,8297,8309,4726,7799,8825,2173,3711,7297,133,8325,1160,8849,7314,1683,7829,3224,8348,7838,5792,6305,6823,5289,7338,1709,6833,7349,2229,2745,7867,8891,8895,3778,3780,7364,1740,1741,206,1742,8912,4817,5324,2771,6870,3292,7902,2783,6878,7398,4327,8424,4329,7917,7407,3824,8189,2288,3312,6901,7928,6394,8447,7937,4871,6928,8464,7446,7450,5404,4892,5918,3357,3358,6944,3365,7464,3883,1836,5936,3890,2868,5943,2364,6464,6468,8004,1348,1353,4946,4437,4438,5975,344,4958,3942,7528,4457,5482,8556,7532,2927,7024,2929,6514,7536,2934,8568,6012,3464,5513,7051,7566,5009,6035,5013,3477,1439,6560,417,7074,4000,7587,1443,7078,2472,1961,4522,3501,7600,4529,1970,5557,1977,1980,7101,1469,4543,1476,4046,5071,4561,6097,8149,4058,8161,998,2024,7657,1516,8174,8688,6640,3573,6646,2039,6133,7161,3578,1531,5116,2045,5630
5408,782,2162,3734,5080,63
68
74,4932,2125,7518
81,6777
88,3635
99,3305,7918,1042,499,3827,8310,2518,3510,7677
108
7809,6658,1411,8324,8712,2571,5263,150,2710,1686,1687,3480,4251,2462,6176,1831,5423,689,2226,6198,7992,953,954,8126,1727,8130,2629,2630,5829,5064,8392,6858,4299,8526,2512,1365,5339,2525,1374,8544,1381,8038,7527,495,6895,8692,117,4853,4221
123
128,4867,3594,7703,8096,6699,5166,3888,1331,2495,2882,3526,8011,7629,7127,6238,4837,2680,5500
4868,135,5898,7983,5817,6873,7961,5334,6520,5849,8794,6815
5253,140,8345,8736,7846,2858,7978,3498,1596,6340,6215,4815,8784,8792,5220,3820,8050,7796,5877,7668,2296,8441,5242,7549,7550
8996,9000,4713,144,5265,8178,888,8920,1662,5375
7064,1467,156,7758
5760,5377,8706,6020,902,6919,4616,6665,8719,6032,4117,6424,4632,5530,4763,5022,160,2976,6562,547,5924,5678,6575,5297,8370,3639,6456,6458,7866,4163,6982,5706,3530,8141,7251,8915,1117,7517,4192,8033,7523,868,7652,2407,5740,2286,3825,2803,8564,5111,3832,6141,7295
4386,8003,4227,5989,165,2023,1998,3761,8882,5683
962,169,7662,1391,4346
8710,5639,8203,7709,8222,7717,4658,3123,2612,6194,6196,2105,7232,7239,7752,4172,6736,7257,3162,3684,6771,2169,635,8829,8830,640,643,5765,8842,1173,8341,7322,7839,6308,6313,175,8367,2240,2265,5853,5356,6381,1774,6387,6907,3836,8444,7423,8448,3329,4359,8977,4373,2331,8998,2342,5420,4913,3378,8001,3406,4947,7508,3421,864,7011,7535,8054,7032,3450,380,8576,4483,3461,7055,8592,3474,1940,2454,1434,4515,2467,6570,2482,438,5046,5051,3004,3523,8133,8653,6605,2016,8167,6129,6137,4091,3068
8258,4011,7315,181
515,8836,3843,1925,5510,2953,1554,8466,7062,3609,1818,7193,3484,4639,8230,3367,4014,6831,8247,184,6459,1984,6854,3270,7757,7759,6994,8022,3160,7258,7642,6621,8542,1118,8929,7009,5994,2156,7154,5887
6661,4071,3751,8551,7081,5841,1682,5907,8724,5459,8500,4343,3934,7993,7452,190
195
6498,8803,199,7858,8343,3196
1542,1545,5653,2069,3607,3608,2582,3099,1565,3102,6689,3106,1571,549,2087,1584,1587,1588,7736,2617,2104,3131,2116,3142,5703,6726,1614,1108,2645,3158,6235,1629,5217,2669,2670,3182,3183,3186,4210,5234,1655,4225,1671,5767,3207,1679,2205,6309,3237,2219,2735,2235,2236,5308,2238,2751,5310,2756,7876,2248,3283,212,1235,2262,1240,218,2778,4318,738,743,241,6391,247,2812,4356,8965,2823,265,1296,2834,3861,8471,2841,2842,4890,4891,1829,1317,1834,4906,2864,2354,4402,1847,7996,1853,828,8000,834,4935,3402,2385,850,852,3928,859,862,7006,1377,4449,355,1380,2920,2923,2418,7539,372,6005,379,3964,3452,1918,3455,392,1932,5007,6551,4503,2971,2459,927,4514,1958,1959,937,4523,948,8121,7100,445,956,4545,6084,3023,977,978,5074,981,5081,475,2011,1503,1504,2019,502,7675,8188,510
3105,1030,8714,1936,3185,2738,4216,5584,214,408,4764,7965
8067,4740,8071,6669,6931,8596,7069,2077,1566,5502,6181,3878,5164,7215,1586,565,2233,1850,8129,8527,8783,1750,8283,222,4320,4461,2158,5238,6134,1403,8574
1921,227,2759,1933,1934,4597,1717
2758,231,1801,1929,7659,5579,1519,1524,7931
1025,1155,1674,2827,1548,1676,5008,3222,7447,2585,1564,1052,929,2338,2083,3108,6436,2978,1576,7592,2218,3760,2225,3382,3383,2107,2109,2237,706,2371,2372,2118,2251,3022,3279,848,593,853,858,6874,3933,740,871,2919,5481,2666,235,360,3565,366,370,2679,376
5802,3115,236,1579,1038,8591,5424,6641,6610,3126,2327,3896,3931,1692
1219,4516,6184,553,7784,3724,237,4623,8848,7122,2809
2437,6535,2972,3748,5541,2089,2478,7474,4277,825,1863,5198,7382,471,8057,7001,4187,5983,1888,7777,7906,358,3180,4590,243,3705,8570,2043,8316,894
6625,4578,6211,5091,4391,4648,8169,4973,8462,244,1525,1917
5761,7362,5921,3716,2946,2373,6416,1657,6396,254
4873,258
5376,8195,6533,6022,5894,5640,267,6040,4124,1821,8477,1568,7840,2082,2210,2084,5668,2980,1447,4393,2474,8234,4267,5426,4531,5812,7609,3007,3519,3395,3269,8519,844,3577,3662,8909,1616,3791,846,7891,2520,8153,3673,4572,1373,4321,2921,874,6251,6635,6890,748,8305,3187,1140,4086,4087,6649,2044,3454,6399
6786,899,4996,4229,271,273,788,4006,685,1965,8758,4539,2108,5950,6341,5573,7240,1994,2123,5586,7380,2780,737,5089,3299,490,491,4076,5996,4339,503,507,4605,4606
274
280,8405,4264
3072,2042,872,873,3785,300,4588,303,3856,6384,3284,5207,5208,2553,5402,284,2041
644,4998,2825,3090,1050,3355,2844,1691,3739,289,6310,1581,2862,3253,2742,9015,695,1721,2106,955,2490,1466,2557,836,3397,3783,2124,3020,845,2255,3025,2642,3539,469,473,4570,4827,7515,857,3550,5088,4322,2659,4326,2918,5100,4077,1262,2671,3566,1015,5239,1274,509,1278,1919
7108,294,4550,3531,2828,6221,7982,6639,7595,1105,3348,4213,3927,1784,2905
736,1825,1022,297
3075,712,7577,441,4684,2672,305,1689,443,3516
6338,5603,4647,7946,1968,6067,308,5141,4599,4059,7325
7554,2434,5764,6885,8873,6380,5677,5967,6768,5840,8595,311,3064,8379,8701,5535
4135,2992,5425,6711,314
317
320,4694,935
7689,8715,8847,7573,4631,3876,3371,3884,2350,4656,5810,6834,1078,4157,2493,7488,8897,3140,325,6909,7882,5708,6733,4304,3665,7634,4828,7905,8419,4070,8042,4331,7660,7150,7663,3441,3702,6390,3704,7033,2429,1535
332
350
4705,2693,2503,8872,363,1356,6542,2062,7733,6518,8381,472,6109
3456,2088,365,367,368,7417,2203,5087
3204,646,5780,1436,1065,814,817,697,1860,3909,4170,3021,5847,860,3184,4720,4978,6389,374,3199
5120,5382,7853,6766,6446,2292,7477,4698,7930,2940,4669,382
7270,838,395,8651,397,3984,6516,6461,1885,5694
5965,8902,398
8899,5070,5486,400,8368,5020
2273,5123,4420,965,5542,5735,7291,3051,5581,6609,7859,404,3443,6299,5628,1598
8197,3978,7822,7311,3727,6805,4886,4246,412,8098,8743,8497,2366,3775,5959,4552,5834,5578,7253,4183,5473,8291,5476,8824,1134,6008,4477,5246,1791
6820,8357,2983,8103,8041,2313,7023,434
452,7197
459
465,8983,5519
3238,841,2922,2570,4976,466,1237,4188,2750
6179,8550,7565,5647,7319,8190,479
1281,7169,8707,6405,5980,3209,8970,4241,8851,6675,5403,6556,8479,3360,5797,4777,5034,8745,1324,2355,4661,3894,2999,6841,7098,1722,6335,4160,6721,7236,7620,8134,4167,2500,1093,5322,5961,4812,4813,2384,721,3415,6233,3418,8409,7644,5724,1115,3039,6366,8417,7519,7139,7396,2787,6757,1759,483,489,5354,3438,8559,7280,2799,5361,7283,4851,3313,6263,3960
484
4688,492,5453
3708,5730,7019,4875,5148,496,532,1144,5852,2589
512,1320,3663,4208,504,4665,2782
513,3427,8932,3462,1606,8265,2794,7307,3154,5011,790,8155,4223
6844,524,3886,5301,1882,8124
526,4383
8128,5920,5955,6566,909,7534,529,7030,8319
3585,8322,2433,6789,1146,8201,5642,2186,6926,5136,7443,5398,535,7837,5149,5151,6048,8993,4510,4771,6180,4397,1074,3892,7096,2363,5053,5830,3273,8907,3535,6098,7379,7510,8793,6619,7390,4323,6500,6117,4196,8804,6760,6633,2283,3564,5622,8573,5629,2303
7719,2120,4139,2351,5329,6617,543
556
5938,987,559,2071
4357,3736,7454,1696,1191,6954,6827,7468,7093,6583,569,1733,6474,8139,8016,2386,3026,8278,3287,6880,5474,6116,8950,3192,6269,1150
572
576
4739,589,2061,4371,5971,4317
8472,3782,1769,7530,842,4653,591,1935,4598,6454,1688,4121,2811
8768,2402,5635,8422,6120,5865,7272,6443,8364,7337,750,1450,3504,8627,599,8249,7803,4414
604
612
622
624
8711,8431,4212,630,3223,7288,2623
5024,6139,8903,6602,8107,8396,5644,7089,632,3003,5214,8511
637
3552,3393,7872,7107,645,1242,2318,3472,1264,1298,3317,3738,2491,4797
649,6540,6797,6670,4245,6940,7581,5791,3362,3874,7489,6345,4306,5974,5468,4189,3681,5733,4966,3561,8826,6651
7298,6457,6024,1037,653,1967,6511,7540,6647,6265
657
668
5570,6821,5638,8808,1705,5130,6965,7770,7419,670,8415
8590,2959,8975,7192,675,5543,4782,7087,7343,4275,9013,5941,5435,8893,2113,5448,1357,8911,7123,6102,1110,7897,6620,990,7266,1893,4582,6637,3567,5883,2302
678
1795,1285,1157,3081,2314,3979,8332,8971,8972,8335,6287,3857,5134,1170,8852,3989,6550,3479,8728,7320,3993,7700,5788,5917,5406,7713,7976,3628,5807,4144,1202,1459,8373,4919,6201,698,4795,3901,8254,4030,6848,7622,3659,4429,8399,6607,1233,7509,5850,8284,2397,1631,5601,7393,8547,3939,6631,8442,3568,8049,7794,8563,8435,7034,7807
8962,5479,8138,5295,4786,1427,8501,3541,8474,2748,701
6659,1028,6407,7050,2587,1820,5790,3882,6062,3759,3122,4283,704,8008,6729,7899,732,8165,6249,1019,7805
2048,7771,709
7172,5913,6942,4524,3637,8904,8905,5195,715,6479,7774,8933,6374,7783,7786,3950,8303,1909,7031,1147,8446
725
1152,6080,8548,7237,5445,6788,2052,745,8525,5521,3710
753
2761,4652,6702,6872,761,2524,8862
762
3112,763,8678
768,6948,2660,3686,6088,5772,4589,4622,3315,7412,5332,6167,1305,8311
773
786,5043,6662,3303
791
795
7300,8369,3793,4444,4410,8380,799
5794,802,3973,7947,2702,3958
4003,804,1223,7915,1772,7189,5050,6491
8850,4062,807
6946,8776,810,812,3100,1294,6065,3252,4600,6105,8668
5868,818,8244,8152,8735
829
4994,7718,2866,7198,5722,830,6623
3586,7819,4108,6929,2578,5142,6303,8607,7842,6692,2856,1068,3629,7348,1592,8761,1595,3772,7740,6462,4542,832,7233,6398,8523,1229,4436,1623,3430,1384,6121,6764,6769,6392,893,7806
5313,3626,7276,7885,855
876
881
6274,6275,6685,7973,7459,1231,5745,6803,2451,916,8443,3135,6015
8647,5709,918,8856,8575
4965,4558,4689,7955,920,4285
2950,8584,4617,4756,5147,923,5539,2485,4664,7114,2000,8146,4949,8800,5606,5750,7927,6648,2431
932,1832,1833,3178,6538,5101,7871
938,6224,6676,5367,6750
940
942
1665,2147,4995,3301,5607,1964,7053,7887,946
6081,2626,2499,6252,4302,5562,7667,8148,3542,3261,4826,2554,2588,2269,958,8703
7296,8068,7813,8838,6663,7305,3085,7058,1685,8086,4248,4766,5281,4641,2475,5037,3889,5946,5947,959,5312,5186,8388,6980,4808,5193,7755,5325,8142,7504,8916,3028,4959,7904,3808,7908,1511,5226,8554,8175,3439,6001,8817,7925,1526
1408,4354,8330,8587,7821,3342,8079,6802,3858,7059,8854,2968,4381,8355,3109,7589,8875,8619,8621,7471,3634,7346,2615,3129,3771,8510,3911,8393,970,8394,6864,2387,7635,2901,7892,6616,6745,1630,7648,5093,5862,4601,7420
6276,6917,8454,5643,5776,8085,6434,8880,7606,2875,8386,974,8534,5078,2655,3810,8434,3188,4733,7294
3473,980
8695,4650,4333,1843,983
993
1376,8384,6972,2889,1003,2223,7216,5553,6614,7260,1311
1007
3968,8198,8967,6920,5001,8458,2058,6284,5902,5778,8083,6425,5401,3615,6687,3744,1059,5671,6317,3630,5935,1329,4532,8245,6966,5431,5049,8257,5442,3908,4805,6217,5450,7243,6089,2508,8649,4431,4943,5458,4819,1493,4185,3678,3551,6240,5986,7141,8294,4205,4847,1011,6515,4341,6776,8827,8060
7686,1040,4499,6169,2208,8865,6183,6591,5060,8773,6857,7500,8914,5972,6742,7767,3286,7526,4591,5107,1405,6526
1053
5984,1058,7336,8650,7082,6029,5785,1849,5439
1061
1067,7599
1120,8289,7590,4718,2639,1072,6588
4896,5957,7815,5867,6735,1076
1370,1084,4823
1088,4074,7095,1561,7039
7040,1089,7619,5255,4839,7467,8172,4780,1300,7579
7403,1101,7455
1122
1130
1136
3233,4610,3524,8389,8423,3050,4106,4364,5262,7889,7029,1143,7611
1154
1163
3553,4706,7203,2307,8663,5223,4040,8106,2732,4814,1167,6578,7989,7159,6906,6876
1172
1176
1184,4141,8143,7632,2867,4084,6007,4191
1188,1796,8263,2514,4926
7104,1194
4480,5381,2694,3400,2121,7693,5998,1198,2294,8376,1307,5023
7875,5380,1221,4199,4009,6795,8588,4175,8752,8210,3475,7988,1205,3574,7607,4473,2941,5342
5825,7458,6724,1414,4903,6222,6286,8116,8726,1210,8028,4701
3936,3041,1889,3331,3842,6144,2822,5415,6559,4293,8844,2829,7439,8593,6100,4895,1212,3423
1216,2757,1798,8521,5712,1716,8150,7065,1887
5696,7651,1225,2573,2161,7762,3257,5756
2855,6951,7211,5518,6800,1234
1250,5648,5366,2488,1786
1251
2272,2883,8390,3239,1254,5739,6892,7597,1422,1518,5490,8499,2740,8439,4312,5660,6045,8318
1256
1266,4506
3916,3698,5554,3700,6421,4024,8953,7194,8539,1277,1755
4224,5441,1284,7494,7725,7824,5489,7890,4052,5784,4413,8639
8704,2178,7781,1286,7079,2090,4811,1338,5933,7083,4627,8403,6708,7286,8470,4602,1339,8159
4738,1314,6725,8232,8717,2227,3860,2646,1567
1323
2122,1325
1326
1334
6085,5061,8553,3947,3214,5775,8659,8883,6068,5241,1341,7901,8217,2463
1361
4961,6280,7273,7370,6379,4939,4054,5879,1368,6074,5627,7868,4990
6250,1387,6629
1394
1418
1429
8896,1473,7321,7457,5512,1481,7497,8881,1463,4377,5978,8924
6114,1474,5670,6728,3401,1640,4553,8301,3281,5522,4852,8886,5112,7231
4963,2276,8070,1484,5230,1487,1873,2517,5880,5055,6203,7071
1498,4403,5215,8535
1506
1513,2340
5457,1514,7323,6205
6624,4165,7728,1521,5428,8118,7451
6952,1529,8077
7378,1538
1540
2661,1550,5391
4992,6403,7301,5766,3212,6672,6289,2706,6291,4498,8213,2833,5911,3991,1562,3998,7967,4255,6174,7331,7084,9005,6322,7475,5559,8120,8633,5434,7357,5183,6208,4551,6471,7753,7113,6477,3923,2775,7384,7263,7903,5346,8163,6756,8802,4198,5352,6634,7147,7020,3821,5358,8815,7665,4984
8066,6922,4889,3225,1569,7841,6051,7848,8617,2860,7726,3503,5552,3384,5432,8123,5052,7363,6606,6497,8053,7544,7293
1589
1601
1604,5837,2964,2747,4957
1608,4585,6594,2606
6528,7072,7168,8483,6433,8453,6790,4039,2824,3339,1612,8179,6772,1945,1946
1619
1635
3143,1642,6603,3692,3374,1649,6200,3226,3294
2177,8323,6149,7561,5132,2320,7061,5527,3356,8352,5286,6187,6706,3254,8634,5702,6985,4173,6486,3035,8927,1643,2290,7669,8183
3974,3272,8906,1646,8756
8770,5811,1653,4803
1660,3164
1664,4592
1667
1668
1677
1697
7289,1706,5299,6278
4704,6785,6118,5804,1719,5848
5082,1730,6723,3298,5477,8101,5633,2727,8777,6153,3218,6259,4855,5594
1734
1738
1744,7028
1747
1752,3338
1762
1770
6019,6534,7916,4525,7312,1776,4831,3219,6643,2911,7167,2399
1787
3042,2375,7369,3538,6232,1789,8191
3812,7881,8969,1805,8658,7292
6122,3611,1806
1807
1816
1830
7472,1838
1840
1854
1857,2279,7862,4094,6782
1865
6496,4097,8866,8771,7812,6245,5031,1868,6903,6584,5498,3037
4257,3528,1869,4399,8697
3740,7845,6376,4113,1874,8823,4824,4732,7869
1878
6913,7138,1891,5156,8166,8679,6544,6162,8306,3826,5715,6292,7831,5466,8223
1900
1905
3201,1923,5417,2608,6206
1928
5537,6472,4020,1941,8185,6330
2532,6190,7120,2705,8631,8604,3325,1950
1957
1960,5507
3048,8035,1972,4999
1986
2002
4783,2007,5139,5063
2008,7414
2012,2550
2014
2027
2034,3103
2038
4930,6759,8236,4365,8276,2046,7743
4560,5121,7282,2051
2056,8642,8460,8045
2074,2339,3491,5809,2897,7674,6654
7375,3920,7537,7826,6936,7130,6363,6140,2078
2080,6853
8763,2094,8958
2096
2102
4418,3554,8645,5805,2894,4082,2110
6440,5487,2111,8087
4802,7274,8652,2135,7672,6362
2140
2145,5890,2877,8557
2149
2153
8552,8202,5707,5393,4915,2167,6682
2180
2184
7490,6979,7655,7371,2190,8207,6004,3765,7933
7042,8997,5062,7016,5545,5321,4041,3245,4369,7091,2196,5909,7893,6490,4991
5353,2199
2977,2274,8019,6773,2206,6302
2216,8508,5685
4864,8132,2222
6912,2688,2241,4448,7046,7373,5716,5365,3831,8888,5563,2878
2242
2247
3176,5588,2252,2254
2256,5827
2258
6741,8765,2278
2284
2299
3097,2309
2323,7971,2813,5287
2324,2326
2334
2347
2352
2359
6467,6558,5736,2762,8492,3853,7151,8602,2895,9014,6328,2362,2460,3582
2367
2377
5257,2378,4637
6242,8708,4968,4969,8009,4972,7340,4332,2381,7856,4081,7954,7125,5305
2390
2404
3091,2412,4259,5350
4770,4967,2600,8846,2422,6393
3625,2444,2674,2583,6073
2837,2445,3718
2744,8081,2449,5819
2465,3597
2469
3944,2505,4520
2510,6655
2528,4710
2530,6119,6791
6508,2535
2696,6730,2541,8487
2543
8451,7818,5386,4878,8338,6680,2722,3234,7979,7855,4146,6585,7358,7748,6732,6867,3419,7133,7134,7264,7779,7529,3953,2546
8485,7431,6983,2547,3352,5820,6077
5529,2555
3520,6953,7602,8372,2558
2563
5249,2568,3722,6731,6385,8569
2575
2580
2906,2591
2595
4556,2604,7021,6487,8286
5665,6818,6372,2610,4979
2614
2619
5504,2624,7043,3174,3398,7816,8681,8052,4537,4922,3581,7710
2631,8843,3247,8240,3217,8282,4415
7754,2635,4724,5495,8987,5372
8400,2664
2667
8760,2675
2691
4609,2692,8264,8456,6126,3667,3604,3992,3190,4118,5368,5018,7355,4860
2699
2704
2708
8834,5582,5328,2711,6749
2714,5270
7802,2715
2716
7360,2723,6859,8530,7832
2733
2765
7075,5928,4747,2796,7213,8572
3489,8489,5387,8716,4717,2804,5718
2816,9004
3650,2818,5973,8861,3263
4938,2830,6161,7894,3095
7171,8452,4104,7951,4495,2831,4501,6296,8737,8746,8111,7984,4401,8885,3897,4295,5964,8781,6349,7761,5330,4952,6107,3172,5610,5098,4089,7418,4478
2848
2850
7073,5815,6830,4604,4596,8661,2870,4790,5592,5397,6236,8894
6060,2879
8017,2891,8643
2893
2909
2916
4290,5115,2924,4685
5799,2932,8495
4818,4085,2943
4428,5621,2949
2956,5613
2989
2997
3001
8674,3011,7939,3850,7249,4022
3013
8889,3018
3038
4866,3045,8238,3306
3057
3059
3065,8438
3069
3088
3093
8908,6716,7694,3111
3132
3139
7187,5185,5595,3144
3145
3146
3148
3153
3166
3169
8922,7386,3171,7883
3175
3179
3193
3202,5956
3208,6808,5221
3369,3215
7944,4624,4273,6002,3216,6324,3483
3248
5667,6563,4421,4292,7834,8841,8429,4752,5680,6911,5748,6231,4376,6170,3259,8796,7391
3264
3266
3282
3288,7923,4067
8164,5990,8268,8780,5650,8277,7126,8088,7513,3290,7932,4636
3296
3302
3308
4049,3319
3322
3340
3346
3370,4693,7591
4466,3375
6978,8585,7177,3377,8115,8755,4182,7738,4700
3379
3385,8923
6281,3388
7706,3403,7628,5781
3411,8821
3425,8581,4233,6899,7960,8956,6365
4708,4500,3436
7673,5546,3437
7430,5991,8725,8853,3449
8640,5561,3460
3470
5452,3487
8769,3971,8606,3495,6984,6539,6574,4079,7441,5460,7157,5524,7413,4893,3518
3507
9010,3509,7383,8698,7485
3511,4459,6860,8215,6650,4027,7511
3533
3536
3540
3548
3570
3589
3592
4034,5605,7367,7186,3603
3616
3617,5673
3619
6441,3623
3632
3641,5364
3649
3651
3657
3682
3689
7745,3694
3695
6600,3696
3706
8739,3715,7303,4682,7063
3755,8503
4512,7722,5099,3756,5905
3763
4388,8262,8486,8469,6166,5686,3768,5855
7376,3798,6406
8690,3803,7428
8227,3814,4456,7756,6481
5993,3818,4463
4504,7994,3828
3834
3840
3865
5449,8290,3871
3872
6627,5859,8775,3881,4303,7695,7570,9011,6963,4023,5114
3904
3913,7462,4791
3952
3970,6135,4615
5505,3976,4722,6835,5209
4691,3982
3997,7366,8959
6273,5506,7241,5002,6188,4016,8371,5754,8347
4019
4036
5284,4037
4042,8884,7492
4044
4060
4092
4099
7737,8626,4101,9006
4348,4111
4360,6283,4114,5881,7801
4115
7408,5497,4122,5699
4127
4129,6311,8105,5264,8629,6811
4134
7936,4137
4143
7747,8048,4145,7473,4340
4148
4153
6855,4169,5688,7318,7608
4177
4193,7773
4195,6851,4424,6057,5135,6418,7507,7162,8702
4219
4222
4236
7226,4243
5202,7195,4253,7551
4258
4528,4262
4271
4279,5455
4287
4298,8723
4307,5587
4310
8314,4311
4316
4673,6151,6744,7372,8913,8918,4344,8799
4367
4382
4384
4392,8601,7054
4396
5355,4407
6840,6466,4416,7496
4434
4439
4445
8192,4464,7117,6191
4472
4474
4485
4488,7410
4492,6254
4497
4505
4517
4534
7913,4548
4563
4569
4575
4579
7465,6258,8182,4607
4625
4630
4635
4645
4657
7789,8820,7124,7764,4663
4670
4674,5293,4986
4676
4696
5960,7852,4709
4729
4742
4744
4754,6612
4758
4772
4776
4800
4809
4834
4836
4841
6344,4844
5509,8910,4846,6295
4849
4857,4982
4861
4872
4880
4898
6698,8076,4902
4904,5672,6347,6990,6355,6905
4905
7088,4909,8158
4921
4936,8839
4954,6316
5122,4956
5571,6213,6664,4970,5438
8947,4980,8476,8759
4983
5005
5016
5026
5030
5032,8036,8772,5839
5040
5047,8117,7334,6599
5057
5066
5072
5075
5097
5102
5103
5117
8871,8362,6154,6765,8505,8541,5119
5125
5131,6780
5137
5159
6568,5729,5171,8205
5174
5181
5204
8928,8833,5216,8267,6668,8151,7699,8727
5288,5869,5229
7633,5245
5258
5260
5410,6947,6850,8648,8046,5968,7090,5267,6747,6044,8287
5269
6691,5271
5273
5276
5282
5303
5335
5344
5385,8874,6011,8917
5392
5395
5405
6720,5407
8705,5412,8094
5429
5436
5443
5444
5454
5464,7207
5470
5478
5480,6626,6061
5484,7014
5493
5508
5536,8561
5549
7545,7531,5550,8791,6809
5577,7164
5583
7097,5609
5619
5624
5637
5646
5649
5658
5664,7433
5690
5698
5704
5705,7715
5710
5720
5725
5731
5759
5768,8212
5786
8713,8034,8555,5823
5831
6976,7969,5845,8599
5864
6178,7304,5866,6028,7411
5873
5897
5899,7476
5901,7397
7653,7209,6828,5906,7350,6998
5922
5925
5932
5954
5995,6524,8694
6014
6021
6026
6034,7987
6955,6038,7223
6561,6047
6064
6070
6093
6128
6131,7636
6157
6160
6165
6168
8976,7833,6172,8901
6243
6248,6941
6260
6270
6279
6282
6354,6293
6298
6319
6323,8660
6334
6346,7333
6351
6352
6356,7309
6359
6367
6369
8504,6371
6375
6411
6423
7769,6428
6431
6432
8537,6437
6445,7487,8671
6447
6450
6452
6465,6674
6483
6503
6507
6522
6531
6545
6577
6579
6589
6592
6597
6604
6636,8989
8449,8494,6638,8496,7604,8214
6642
6653
6667
6681
6683
6704,8966
6710
6713
6752
6761,8981
6767
7864,6774
6793
6796,8413
6798
6817
6826
6836
6839
6852
6862
6877
6893
6894
6904
6923
6961
6967
6973
6986
6992,8351
7002
7010
7017
7026
7037
7044
7047
7052
7057
7067
7076
7080
7092
7111
7136,8432
7140
7142
7143
7145,7388
7152
7175
7181
7404,7790,7190
7191
7206
8296,7210
7221
7229
7246
8637,7247
8603,7269
7281
7285,7478
7326
7328,8288
7330
7344
7351
7377,8061
7395
7400
7422
7425
7427
7434
7437
7479
7480
7482
7483,7614
7499
7502
7525,8307,7541,7542
7546
7548
7556
7568,8502,8327
7569
7572
7580
7593
7596
7612
7623
7626
8605,7638
7641,7895
7643
7646
7664
7666
7671
7688
7724
7727
7731
7732
7734
7739
7750
7766
7776
7782
8104,7793,8078,8774
7817,7804,8340
7835
7836
7849
7850
7854
7878
7924
7935
7942
7948,8788
7949
7962
7975
7986,8437
8007
8012
8015
8024
8037
8047
8051
8062
8064
8075
8092
8109
8112
8127
8137
8144
8156
8181
8220
8224
8461,8231
8242
8251
8255
8937,8260
8270
8279
8292
8300
8339
8342
8356
8365
8366
8374
8385
8401
8407
8426
8465
8868,8938,8468
8512
8516
8543
8580
9002,8582
8598
8609
8614
8615
8622
8623
8628
8636
8638
8672
8700
8709
8730
8733
8741
8748
8749
8751
8753
8754
8762
8764
8767
8778
8786
8787
8790
8801
8805
8806
8807
8810
8855
8857
8877
8879
8887
8898
8930
8940
8941,8943
8945
8946
8963
8968
8982
8986
8992
8994
9008
