0
8,7432,2316,5779,6548,3864,2457,2461,1952,1955,1452,1461,6842,4284,3016,8402,5843,8404,5719,6615,6887,8685,8813,8822,4215,2683
14
2472,3593,1740,1970,2868,22,4892,2783
2328,30
8032,1824,34,37,295,4078,2293,1017,1693
8832,7616,3459,6727,42,5744,4630,3642,2814,7999
6657,7170,7555,7299,6915,7558,3335,7685,8457,4363,7956,4116,1302,7575,2845,5405,7966,6050,6307,1699,1701,3753,426,8747,51,4788,2873,7353,7486,8002,3141,6470,3654,2766,8655,2769,5970,3797,7512,5212,6237,7132,619,5742,7919,5617,5618,7922,5236,4469,2298,8831
5632,6146,4618,7690,1558,5655,7712,4133,5158,8239,8243,7220,58,3644,6717,4680,2127,2128,6226,6738,2132,8789,6244,3688,8297,4726,7799,8825,1662,7297,7304,4233,3731,3224,5289,1709,7349,2745,7867,3778,3780,7364,5324,1741,1742,8912,6870,3292,6365,7902,6878,7398,7917,3312,7411,7928,6394,1787,8447,7937,4871,6928,8464,7960,7450,3357,5918,3365,3883,1836,4911,5943,6468,8004,1348,1353,5975,3425,3942,4457,7532,2927,7024,2934,8568,3464,5513,7051,6035,5013,1439,1443,7078,1961,3501,5557,1977,1980,7101,1469,4543,5071,6097,8161,2024,7657,1516,8174,8688,6133,2039,7161,3578,5116,8189,5630
2162,782,3734,63
1569,68,7726,6606,8053,4889,7544,3225,7293
74
81
88
4737,4869,262,1543,2053,3977,3721,5129,1681,2962,3987,2065,2067,4379,3227,1435,4767,2602,4394,5931,2477,2221,6192,694,951,3127,4026,1852,3005,1724,2754,4942,4945,1747,2644,6871,1495,1625,217,4955,477,2654,94,863,98,4451,869,2917,1767,2793,4843,4974,6898,5363,1778,2421,5878,1142
1155,3719,1674,5008,1564,1438,929,2338,3108,6436,7592,2603,2995,3382,706,3010,2372,3788,3279,853,3933,97,2914,740,6501,4453,871,235,4204,3565,4595,2679,2687
99
108
7809,150,2710,2462,6176,2226,6198,8126,5829,5064,2377,6858,8392,8526,2512,6741,5339,8544,8038,2278,7527,6895,117,4853
123
8096,128,2882,4837,7703
3656,6305,133,135
8736,8441,5253,7978,3820,140,7796,2296,8345,7550
7172,8996,6374,9000,7786,715,4524,3950,8303,6479,144,3637,1147,6942
7064,1467,156,7758
160,6456,7523,5924,4616,6665,5706,8141,5678,8719,3825,5111,3639,3832,7866,1117
165
169,7662,1391
8576,3329,8448,4483,5765,7688,3474,4373,2454,2331,7709,7839,4515,2467,6308,2342,7717,6570,5420,175,4913,2482,3123,6196,438,3004,8133,7752,6605,3406,8653,7895,7257,3162,2265,864,7011,8167,6381,1774,7535,2169,3450,6907,8444
181
1984,1925,6854,5510,2953,5994,1805,7759,7062,184,1818,6459,1118
4071,3751,8551,3934,1682,5459,8500,7993,7452,190
195
199
4522,206
3207,1671,392,2823,1679,2069,5653,3607,3608,2582,4890,2841,2205,3102,927,3106,1829,3237,1958,1959,937,938,4523,2219,2104,2751,834,2116,2812,2248,3402,3023,978,212,2645,852,859,475,4318,355,1380,743,2920,241,372,3452,510,3455
3105,1936,3185,2738,214,4216
1377,2087,1545,1834,1677,3182,5007,3186,1918,502,218,2459,828,862
4740,8071,6669,6931,8596,7069,2077,1566,6181,3878,5164,7215,1586,565,2233,1850,8783,1750,222,4320,4461,2158,6134,1403,8574
1921,227,2759,1933,1934,1717
2758,231,1929,5579,1519,1524
236
237
1888,358,1863,3180,5198,7474,243,471,3705,4187,5983
6625,4578,4391,8169,4973,244,1525,1917
2307,247,4503
251,7991
254
258
4356,8965,5767,265,1932,1296,3861,8471,2842,4891,1565,4514,549,4906,445,1584,2354,4402,850,1847,8121,2235,956,1853,7996,5310,8000,4545,2236,2238,2756,7876,3142,5703,6726,1614,2385,977,1235,1108,981,3158,3283,3928,5081,2778,6235,2011,1503,1504,4449,738,2019,2923,3183,4210,7539,6005,5367,379
5376,2570,267,6040,8477,1568,2210,2084,3238,4393,2474,4531,5812,2750,3007,3269,841,844,3662,3791,846,466,1237,2520,4572,1373,4188,4321,2921,2922,6890,4976,3187,1140,4086,4087,3577,3454
4996,271,273,788,4006,1965,4539,2108,7240,1994,2123,4049,5586,2780,737,5089,490,4076,4339,503,507,4606
274
280
284
644,4998,2825,3090,1050,3355,2844,3739,289,2862,2742,9015,695,1721,2106,955,2490,1466,836,3397,3783,2124,3020,845,2255,3025,3539,5845,469,473,857,7515,5088,4322,2918,4077,1262,2671,3566,1015,5239,1274,2557,1278,1919
292
4550,294,3531,2828,7595,1784
736,1825,1022,297
3072,2042,872,873,300,303,6384,3856,3284,5207,5208,2553,5402,2041
3075,712,7577,441,4684,2672,305,1689,443,3516
6338,5603,4647,1968,308,5141,4599,7325
7554,5764,8873,5677,6768,311,8379
5425,314
317
320,3411,4694,935
325
332
344
350
360,2978,2083
2693,2503,363,7052,1356,2062,6109,472,8381
3456,2088,365,368,7417,2203,5087
1025,2827,1548,1676,3222,2585,1052,1576,2218,3760,2225,3383,2107,2237,2109,2371,2118,2251,848,593,2919,5481,366,370,376
367
3204,646,1067,3021,814,1436,3184,817,4978,5780,6389,374,697,860,3199
2240,3523,643,3461,1795,6194,8341,6137,380,2105,1434,3836,5853,7423
3460,6766,2292,2940,382
387
838,395,1885,397
832,7233,6121,1068,3629,398,1840,6929,2578,7348,1592,4506,1595,3772,893
400
2273,7291,404,5581
408
412
417
7682,4103,5137,6677,8226,4643,4654,6207,583,3669,4707,7271,5224,7277,4218,5755,3713,4748,2188,3728,2724,7334,8363,1713,6325,1215,3776,4806,5318,8397,2773,3801,5857,7409,5369,4350,6401,5891,5892,7950,4368,6933,7448,8478,6958,6968,3898,2885,4425,3413,8565,8056,1914,895,6018,2436,7563,6027,5519,6031,6549,6554,7578,2973,7583,3493,424,4521,5548,430,7598,7618,1989,4050,3032,7649,5090,4593,5626,2559
434,6820,8103
447
452
454,2943
459
8513,465
479
7169,3209,4241,5403,3360,5034,2999,1722,6335,2384,721,1115,5980,5724,6366,2787,483,5354,8559,3313,6263
484
489,6675,509
4605,491,5573
492
1381,2629,2630,495,5423,1365,954,1374,1727
5730,4875,496,532,1144,5148
499
512,4208,504,4665,2782
513
6273,515,3270
5242,7668,519
8354,2731,524,5531,2965,1814,2967,4475,5532
526
5920,5955,909,7534,529,7030,8319
3634,3850,2045,535
7681,6148,4741,4613,8328,2699,6290,6930,8084,4760,540,5664,3120,7217,6326,4282,5693,3521,7493,2502,5065,1227,8656,6113,8934,3816,6003,2164,5884
2120,5329,543
547
553
556
559
4357,6954,6827,8139,3026,2550,6583,8950,569,3287,2012,1150
572
576
2288,585,5866,6028
4739,589,2061,4371,5971,4317
842,591,1935,4598,1688,2811,829
5447,1608,7403,1101,2190,595,7455
599
604
612
622
624
8431,4212,630,7288,2623
8903,8107,5644,7089,632,3003,5214
3684,5639,8977,6387,2612,635,3421
637
640
3552,3393,645,2318,3472,1298,2491
649,6540,6797,6670,4245,6940,5791,3362,3874,7489,6345,4306,5974,4189,3681,5733,4966,3561,8826,6651
653
657
668
670
675,5543,1357,5941,5435
678
685
689
8547,1157,7622,5673,2314,3979,5807,8049,7700,6550,698,3993,8442,4795,8284,6201
8962,5479,4909,5202,701
704,732,1028,6659,1019,7050,3759,3122,2587,4283,1820
2048,709
725
729
4900,734
745
748
8422,7272,1450,750,3504,8249,5498,8639
753
761
762
763
768,2660,5772,4589,4622,3315,7412,5332,6167,1305
773
5017,779
8579,6662,3303,4561,7314,5043,786,3573,4438,8895
8932,3462,1606,8265,2794,3154,6452,790,8155
791
795
799
802
4003,804,1223,7189,5050,6491
4062,807
6946,810,812,1294,6065,3252,4600,6105,3100
818
825,4590
830
7885,855
858
8915,868
874,2044
876
881
888
894
899
902
912,3545,1911
4867,6275,7973,3526,3594,8011,3888,1331,916,7127,5500,2495
918
4965,4689,7955,920,5114,4285
4664,923
932,1832,5257,3178,1833,5101,7871
940
942
1665,4995,3301,5607,1964,7053,7887,946
6689,1542,2735,948,5847
953,1831,1686,1687
2626,2499,3625,7667,4826,2554,2588,2269,958
7813,8838,6663,7305,7058,1685,8086,4248,5281,4641,2475,5037,3889,5946,5947,959,5312,5186,8388,6980,4808,5193,7755,5325,8142,7504,3028,7904,3808,7908,8175,3439,6001,7925,1526
962
5123,4420,965,5542,5735,3051,6609,7859,3443,6299
1408,4354,8330,3342,8079,7059,2968,4381,7589,3109,8619,8621,7471,7346,2615,3129,8393,970,8394,6864,7635,2901,6616,7648,5093,5862,4601,7420
3810,6276,5643,974,8880,7606,4733
3473,980
4650,1843,983
987
2113,1893,4582,5448,8590,7343,4782,8911,9013,990,7192,7897,5883,2302
993
998
1003
1007
3968,8967,6920,5001,8458,2058,5902,5778,8083,6425,5401,6687,3615,3744,1059,6317,5935,1329,4532,8245,6966,5431,5049,8257,5442,3908,4805,6089,5450,8649,2508,4431,4943,5458,4819,1493,4185,3678,6240,5986,7141,8294,4205,4847,1011,6515,4341,6776,8827,8060
1030
1037
1038
1040
1042
1053
1058
1061
1065
1072,8289,7590,4718
6180,6117,5830,6789,2186,3535,1074,6619,5629,5151
1076
7689,7573,3876,3371,3884,6834,1078,2493,8897,7882,5708,6733,4304,3665,4331,7660,7663,3441,3702,7033
1080
1084
1088
1089,5255,4839,4716,4780,2767,3600,7929,6046
1093
1097
1105
1110,2959
1120
1122
1126
1130
5476,8197,6877,3978,5578,1134,3727,8497,7253,4246,6805,4886,4477,2366
1136
3233,3524,8389,8423,3050,4106,4364,5262,1143,7611
5136,1146,2363,3564
1152
1154
1160
1163
1167
1170
1172
2016,1173
1176
1184
1248,1186,1827,2567,5095,5096,1781,3420,1246,1694,1823
2514,1188
2386,1191
1194
4480,2694,3400,7693,1198
1199
1202
1205,3574
1210
1212
1216,2757,5712,1716,1887
1219
5380,1221,4199,4009,8752,7607
1225,2573,2161,3257,5756
1229
6274,6685,7459,1231,5745,2451,7636,8443,3135,6015
1233
1234
1240,1588,6309
1242
1250,5648,5366,2488,1786
1251
2272,5444,8390,3239,5288,1254,6892,5869,1422,1518,7597,5229,5490,8499,2740,4312,8318
1256
1264
1266
1271
3916,3700,4024,7194,1755,1277
1281
1284,7725,5489,7890,4052,5784
4144,5788,1285
8704,2178,1286,7079,2090,7083,1338,8403,7286,8470,4602,1339
1288
1300
1307
1311
1314
1317
1320
1323
1324
2122,1325
1326
1793,5700,7179,6091,1332,8440
1334
6085,5061,3947,8883,1341,7901,2463
1346
1358
1361
1368
1370,4823
1376,6972,2223,7216,5553,7260
1384
1387
1394
1399
1405
1411
7458,6724,1414,3111,4903,6222,6286,7694,8726,8028,4701,6716
1418
8138,1427,2748,5295
1429
1447
1455
5601,1459
1463
1473
1474
8705,1476,8309,5412
7457,7321,8881,1481
2276,1484,5230,1873,5055,6203,7071
8834,1487
1490
1498,4403,5215,8535
1501
1506
8817,5163,3085,1511
1513,2340
1514
1521
6952,1529
6640,1531,5628,6835
7488,8419,3140,1535
1536
7378,1538
1540
1550
1554
8262,4074,8469,3768,1561
8066,7848,8617,6730,2860,3503,5552,2833,1562,5052
4738,6725,8232,8717,2227,3860,1567
1571
1575,4895
5424,1579
1581
1587
1589
1596
1598
1601
4957,2747,1604,5837
1610
7072,6433,8453,4039,2824,1612,8179,6772,1945
1616
1619
1623
1629
1630
1631
1635
1640,7061
1642
1643
1646
1649
1653
1655
6624,5761,7362,2946,5921,2373,1657
1660
4688,4592,5453,1664
1667
1668
3666,1683
1691
1692
1696,7651
1697
1705,5570,8415
1706
8520,1718
1719
1730
7468,1733,8278
1734
1738
1744,7028
1752,4139
1757
1759
1762
4121,1769
1770
1772
6534,7312,1776,7221,7167
7369,1789,8191
1791
1796
5793,7553,1797,6567,6124,5292
1798
1801
1806
1807
2957,5168,8818,1811,3671,4508,5533
1816
1821
1830
7472,1838
8650,6029,1849,5785,5439
2692,3190,5368,7355,4860,1854
1857
3842,1860,3909
1865
6496,7812,5031,1868,6903,6584,3037
3528,8697,1869,4399
4113,1874,8823
1878
1882
6144,1889,4293,5415,6872
1891,3172,4295,5610,7984,4401,3358
1898
1900
1905
8042,7243,7150,7634,1909,6390
1923,6206
1928
1937
1940
6472,5537,4020,1941
1944,2786
1946
7120,2705,2532,1950
1957
1960,5507
1967
3048,8035,1972,4999
1973
1986
1991
4227,5989,1998,3761,8882
2000
2002
2007
2008
2014
2023
2027
2031
2034,3103
2038
2043
4930,4365,8276,2046,7743
4560,2051
8548,2052,7237
2056,8642,8460,8045
2071
2897,2074,6654
3920,2078
2080
2082,4124
2089
8763,2094,8958
2096
2102
3554,5805,3540,4857,2110
6440,2111,5487
2121
2125
2129
4802,7274,8652,2135,6362
2137,3846
2140
2145
2147
2149
2153
7336,2156
8202,5707,5393,2167,6682
4138,2173,8487
8352,2177,5702,5609,5132,3254,5527
2180
2184
8302,2194,3285,8026,8094
2196
2199
2977,8019,6773,2206
2208,7686,6183,6655,8914,4499,6742,6591
5068,2212
2216
2222
4828,2429,2350,2229
6912,2241,2688,4448,7373,5716
2242
2247
3176,2252,2254
2256
2258
2262
2274,6302
7862,2279
2283,5149
2284
2286
2290
2294
2299
2300
2303
3097,2309
2313
2320,5522,8770
2323,6508,2813
2324,2326
3115,3931,3126,2327
2334
2339
6627,8739,2344,3881,7695,7570,6963,4023
2347
2351
2352
2355
2359
2762,8602,2362,2460,3582
6544,5009,2364,6646
2367
3538,3042,2375
2378
6242,8708,4968,4969,8009,7340,4972,4332,2381,7856,7125,5305
8587,7821,3858,2387,8854,3771,3551
2390
3437,6607,3568,7673,2397
2399
2402
2404
4632,4192,8711,2407
2409,7722,5099,3756
2412
2418,3131
2600,3901,2422,4967
2425
5606,8584,4617,7114,8146,2485,4949,7927,6648,2431
3585,8322,2433,4615,8201,5642,6926,7443,5398,7837,6048,4771,3892,7096,3273,8907,8793,7390,4323,6500,4196,5622,6135,8573
2434
2437
2438
6073,2444,2583
2445
2744,2449
2465,3597
2469
2996,2471
2478
2500
4520,2505
2510
2517
3305,3827,7677,2518
2523,3838
3403,2524
2525
2528
2530,6119,6791
2535
2537
2539
2696,2541
2543
2546,6867,6680,6585,7133
3352,2547,6983,7431
2555
6953,7602,2558
2561
2563
2568,5249,3722
2571
2575
2580
2589
2591
2595
3617,8971,2604,7187,8373,5850,5917
2606
2608
2610
2614
2617
2619
2624,7427,7043,3174,8681,4537
2631
7754,2635,4724,5495,8987,5372
6588,2639
2642,7139,4326
2646
5856,2689,6049,5516,5854,6103,2647,8088,7513,3290,7102
2655
2659
2661
2664
2666,3022
2667
2971,2669,2670
2674
2675
2680
2691
2702
2704
4255,6756,7301,6471,4551,7113,6634,3212,9005,8815,7665,7903,2706,8633,3998,5183
2708
2711
2714
2715
2716
2722
8530,2723
2727
2728
2732
2733
2761,4652
2765
2771
2775
2789
2796
2799
5297,2803
3489,2804,8716
2806
4516,7784,3724,4623,8848,7122,2809
2816
2818,8861
2820
2822
2829
6161,4938,2830,3095
2831
2834
2837
2848
2850
6951,2855,7211,8877,5518
2856
2858
2864
2866
4141,8143,7632,2867,4084,6007,4191
2870,7073,5397,4790
2875,3188,8534
5890,8557,2877
2878
6060,2879
2883
2889
2891
2893
2894
2895
2905
2906
2909
2911
2916
2924
2929
2932
7875,6795,4175,8210,3475,4473,2941
5621,2949
5539,4756,2950
2956
6828,2964,7653
2972
2976
2980
2983
2989
2992
2997
3001
7249,3011,7939,4022
3013
8889,3018
3035
3038
3039
3041
3306,3045
3054
3057
3059
8104,3064,8595
3065
3068,8222
3069
3077
3081,4030
3088
3091
3093
3099
3112
3117
3132
3138
3139
3143
3144
3145
3146
3148
3153
3160
3164
4512,3910,7952,6587,3165
3166
3169
3171
3175
3179
6880,5474,6116,3736,8016,3192,6269
3193
7858,3196,8343
3201
3202
3208
8659,3214,5775
3215
7944,4624,3216,6002,3483
3217,8843
3218,6723,4855
3219
3223
3226,3294
3229
3234
3242
3245
3247
3248
3253
5748,3259,8796,7391
3261
3263
3264
3266
3272,8906,8756
3277
4249,7941,5256,7691,8204,3280,6039,5336,5753,4125,8383
4803,5670,3401,8301,3281,5811,4852,8886,5112,7231
3282
3286
3288
3296
8777,3298
3299
3302
3308
3314,4866,4678
3317
3319
3321
3322
3325
3331
3337
3338
3339
3340
3346
3348
3356
3367
3369
3370,7591
6200,6524,3374,8694
3375
6978,8585,3377,8115,8755,7738,4700
3378
3379
5696,3384,6291,8894
3385
3388
3395
5504,3398,7816,8052,7710
3415
3418
3419
3423
3427
3430
3433
3436
3438
3448
3449,8725,7430,8853
3466
8515,3468,7183
3470
7464,3477
5406,3479
3480
3484
3487
3491
8769,3971,3495,4079,5524,7157,7413
3498
3507
3509
3510
3511
3518
3519
3520
6562,6919,3530,6032,4722,4763,5375
3533
3536
3541
3542
3548
3550
3553
3557
7266,7878,7087,3567,7123,6102,6620
3570
3581
3586
3589
3592,4815
4034,3603
8456,6126,3667,3604,5018
3609
6122,3611
3616
3619
3621
3623
3626
3628
7581,3630
3632
3635
3641
3647
3649
3650
3651
3657
3659
3663
3673
3675
3682
3686
3689
3692
3694
3695
6600,3696
3698
3704,7905,7536
3706
3708
3710
8424,3711
3715
3716
3718
3738
3740
3748
3755,8503
3763
7371,6004,3765,8207
3775
3782
3785
3792
3793
3795
3798,6406
3803
3812
4456,6481,7756,3814
3818
6208,5346,5766,7753,7147,3821,5358,6672,3991,4984,8213,5559,7384,5434,7357,6174,7263
5792,4058,6012,3824
3826
4504,3828
3831
3834
3840
3843
3844
3853
7713,3857
3865
3871
3872
3882
6536,6844,3886,3935
3890
3894
3896
8452,8746,6349,7407,4952,3897
3904
3911
3913
3917
3923,6477
3925
3927
3936
3939
3944
3952
3953
3955
3958
3960
3964
3970
3973
3974
3976,5505,5209
4691,3982
3984
3989
3992
8992,3997,7366
4000,6913,6701,6514,7831,7707
4011
4014
5506,6188,4016,5754,8347
4017
4019
4459,4027
4036
5284,4037
5223,4040,8106,4814,7989
4041,5545,4685,7091,5909
4042
4044
4046
4939,4669,4054
4059
4060
4067
7893,4070
4081
4082
4818,4085
4104,5098,5964,4495,5330,4501,4089,7418
4091
4092
4094
4097,8771,7494
4099,8645
8626,4101
6692,7819,6764,4108,7806
4348,4111
4112
5881,4114,6283
4115
4117
4118
7408,5497,4122,5699
4127
4129
4134
6711,4135
7936,4137,6259
4143
7473,4340,4145
4146
4148
8124,5301,4150
4153
8904,7545,4157
4160
4163
4165
4167
7608,4169,7318,6855
4170
4172
4173
4177
4181
4182
4183
4193
4195
7084,4198
4213
4219
4221
4222
4223
4224
4225
4229
4230
4234
4236
4243
4251
4253
4257
4258
4259,5350
4528,4262
4264
4267
4271
4273
4275
4277
4279
4287
4290
4292
4298,8723
4299
4302
4303
4307,5587
4310
8314,4311
4316
4324
4327
7296,4329,5152
4333
4335
4338
4343
4673,6151,6744,8918,4344
4346
4352
8001,4658,4359,7322
4360
4367
8997,5062,7016,5321,4369,4991
4376
5512,4377
4382
4383
4384
4386
4388
4392,8601,7054
8154,4395
4396
4397
4406
4407
4410
7824,5441,4413
5635,6120,7337,6443,4414
4415
4416
4418
4421,8429,4752,5680,6170,6911
4424
4427
4428
4429
4434
4436
8891,4437
4439
4440
4444
4445
4463
4464,6191
4466
4472
4474
4478
4705,4482,7733,8311
4485
4488,7410
4492
4497
4498,7331,6566
4500
4505
4510
4517
4525
4529
4534
4542
4548
4552
4553
4556,7021,8286,6487
4558
4563
4565
4569
4570
4575
4579
4581
4585
4588
4591
6830,6236,4596,5815,4604
4597
6258,4607
4609
4610
4625
4627
8956,8581,4631
4635
8164,5990,8268,8277,7126,4636
4637
5002,4639
4645
4648
4653
4656
4657
4661
4663
8905,4667
4670
4674
4676
4682,7303
4693
4696
4698
4703
4704,6785,6118,5804,5848
4706
4708
5960,7852,4709
4710
4713,5265
7265,6017,4717
4720
4729,6809,7531,5550
4732
4742
4744
4747,7075
4754,6612
4758
4764
4766
4770
4772
4776
4777
4783
4786
4791
4797
4800
4809
4811,5933,6802,6708,8159
4812
4813
6560,7074,4817,6899,7838
4824
4827
4831
4834
4836
4841
6344,4844
4846
4849
4851
4861
4864
4868,5898,7983,6873,7961,5334,6520,5849,8794
4872
4873
4877
4878
4880
4893
4896
4898
4902
4904,6990
4905
4915
4919
4921
4922
4925
4926
4927
4932
4935
4936,8839
8809,4946
8842,4947,8998
4954
5122,4956
7218,4958
4959
4961,6074,7868
5880,4963
4970,5571,6213,5438
4979
4980
4982
4983
4986
4989
5627,4990
4992
4994
5005
5011
5016,7530
8368,8660,5020,6323
5022
5023
5024
5026
5030
5032,8036
5040
5046,7055
5047
8710,7239,5356,5051,8830
7379,5053,7510
5057
5060
5063
5066
5070
5072
5074
5075
5078
5080
5082
5091,8462
5097
5100
5102
5103
5107
5115
5117
8362,5119,6765,8871
5120,5121
5125
5128
5130
5131
5134
6057,7507,6851,5135
5139
5142
5147
5155
5156,8166,8306,7063,5466
5159
5166
5171
5174
5181
5185
5188
5191
8050,5195,5877
5204
8928,8833,5216,8267,8151
5217
5220
5221
8554,8916,5226
5232
5234
5238
5241,6068
5244
7633,5245
5246
5258
5260
5263
5264
5267
5269
5270
5271
5273
5275,5886
5276
5280
5282
6728,5286
5287
5293
5299
5303
5308
5313
5322
5323
5328
5335
5342
5344
5347
5352,6322
5353
5355
5361
5364
5365
5377
5381
5382
5385,8874,6011,8751
5386
5387
5391
5392
5395
5404
5407
5408
7090,5410,6044,8287
5417
7259,5419,8061
5426
5428
5429
5432,6289
5436
8321,5437
5443
6080,8525,5445
5449,8290
5452
5454
5455
5457
5460
5464
5468
5470
5471
5473
5477
5478
5480,6712
5482,7765
5484
5486
5493
8283,5502
5508
5509,6295
5521
5529
5530
5535
5536
5541
5546
5549
5554
5561
5562
5563
5566
5575
6179,5577,7565,5647,7319,7164
5580
5582
5583
5584
5588
5592,8702
5593
5594
5595
5597,6845,7406
5605
5612
5613
5616
5619
5624
5633
5637
5638
5640
5646
5649
5650
5654
5658
5660
5665
8841,5667,6563
5668
5671
5672
5675
5683
5685
5686
5688
5690
5694
5698
5704
5705
8856,8647,5709,8575
5710
5713
5817,5715,8325
5718
5720
5722
5725
5729
5731
6328,7400,5736,6558
5739
5740,8564
5750
5759
5760
5768
5770
5773
5776
7628,5781
5786
5790
5794
5797
5799
5802
5809
5810
8081,5819
5820
8713,5823
5825
5827
5831
8824,5834,8098
5839
5840
5841
5852
5855
5859
5864
5865
5867,5957
5868,8244
5873
5879
5887
5893
5894
5897
5899,7476
5901
5905
5906,7350
5907,6661
8163,7363,5911
5913
5915
5922
5925
5928,7213
5932
5936
5938
5950
5954
5956
5959
5961
5965
5967
5968,7095
5972,7767
5973
5978
5984
5991
5993
5995
5996
5998
6008
6014
6019
6020
6021
8195,6022
6024
6026
6034
6038
6043
6045
6047
6403,6051,7967
6053
6626,6531,6061
8165,6729,6062,7899,7805
6064
6067
6070
6075
6077
6079
6081
6084,6391
6088
6093
6098
6100
6715,6107
6111
6114
6128
6129
6130
6131
6602,6139,8396,8511
7375,7537,7826,7130,6363,6140
6141
6142
6149
6152
6153
6154
6157
6160
6162,8223
6163
6165
6166
6168
6169
6172
7338,6178,6220
6184
6187
6190
6205
6211
6215
6216
6217
6221
6224
6225
6228
7834,6231
6232
6233
6238
6243
6245
6248,6941,8230
6249
6250,6629
6251
6252
6254
6260
6262
6457,7540,6647,6265,8062
6267
6270
6278
6279
6280
6281
6282
6284,8198
6287
7138,6292,8679
6293
6296
6298
6303
6310
6311
6313
6316
6319
6324
6330
6334
6340
6341
6346,7333
6355,6347
6351
6352
6354
6356
6359
6367
6369
8504,6371
6372
6375
6376,7845
6379
6380
6385
6392
6393
6396
6398
6399
6405
6407
6409
6411
6416
6418
6421
6423
6424
6426
7769,6428
6431
6432
6434,6917
6437
6441
6445,8671
6446
6447
6450
6454
8033,6458
6461
6462
6464
6465
6840,6466
6467
6474
6483
6486
6490,7042
6497
6498
6503
6507
6511
6516
6518
6522
6526
6528
6533
6535
6538
6539
6542
6545
6551
6556
6559
6561
6568,8205
6572
6574
8227,7892,6575
6577
6578,6676
6579
6589
6592
6594
6597
6599
6603
6604
6610
6614
6617
6621
6623
8335,6631
6633
6635
6636
6637
8496,7604,6638
6639
6641
6642
6643
6649
6650,6860,7511,8215
6653
7992,6658
6664
6667
6668
6673
6674
6681
6683
6691
6695
6698
6699
6702
6704
6706
6709
6710
6713
6720
6721
6731
6732
6735
6736
6739
6745,8875,8510
6747
6749
6750
6752
6757
6759
6760
6761
6767
6769
6771
6774
6777
6780
6782
6786
6788
6790
6793
6796
6798
6800
6803
6808
6811
6813
6815
6817
6818
6821
6823
6826
6831
6833
6836
6837
6839
6841
6848
6850
6852
6853
6857
6859
6862
6874
6876
6882
6885
6893
6894
6896
6901
6904
6905
6906
6909
6916
6922,8372
6923
6934
6936
6944
8648,6947
6948
6955
6961
6965
6967
6970
6973
6976
6979
6982
6984
6985
6986
6992
6994
6997
6998
7001
7002
7006
7009
7010
7013
7014
7017
7019
8120,7475,7020
7023
7026
7889,7029
7031
7032
7320,7034,8332
7037
8046,7039
7040
7044
7046
7047
7057
7065
7067
7076
7080
7081
7082
7088
7092
7093
7097
7098
7100
7104
7107
7108
7111
7116
7117
7124
7128
7134
7136,8432
7140
7142
7143
7145
7151
7152
7154
7159
7162
7168
7761,7171
7175
7177,7930
7181
7186
7404,7790,7190
7191
7193
7195
7197
7198
7201
7203
7205
7206
7207
7209
8296,7210
7223
7226
7229
7232
7236
7241
7246
7247
7251
7255
7258
7264
7268
7269
7270
7273
7276
7280
7281
7282
7283
7285
7289
7292
8434,7294
7517,7295
7298
7300
7307
7309
7311
8258,7315
7323
7326
7328
7330
7341
7344
7351
7354,7870
7358
7360
7367
7370
7372
7376
7377
7380
7382
7383
7386
7388
7393
7395
7396
7397
7414
7415
7419
7422
7424
7425
7428
7433
7434
7437
7439
7441
7446
7447
7451
7454
7462
7465
7467,7619
7469
7470
7477,7853
7478
7479
7480
7481
7482
7483
7485
7487
7490
7492
7495
7496
7497,8924
7499
7500
7502
7508
7509
7518
7519
7521
8307,7525,7542
7526
7528
7529
7541
7546
7548
7549
7551
7552
7556
7561
7566
7568,8502,8327
7569
7572
7579,8172
7580
7587
7593
7596
7599
7600
7609
7612
7614
7620
7623
7626
7629
7638
7641
7642
7643
7644
7646
7652
7655
7659
7664
7666
7669
7671
7672,8178
7674
7675
7696,8722
7699
7704
7706
7715
7718
7719
7720
7724
7727
7728
7731
7732
7734
7736
7737,9006
7739
7740
7745
7747
8338,7748
7749
7750
7757
7762
7764
7766
7770
7771
7772
7773
7774
7776
7777
7779
7781
7782
7783
7789
7793,8078,8774
7794
7801
7802
7803
7804
7807
7815
7817
7818
7822
7827
7829
7832
7833
7835
7836
7840
7841
7842
7846
7849
7850
7854
7855
7864
7865
7869
7872
7881
7883
7891
7894
7906
7910
7913
7915
7916
7918
7923
7924
7931
7932
7933
7935
7942
7946
7947
7948
7949
7951
7954
7958
7962
7965
7969
7971
7975
7976
7979
7982
7986
7987
7988
7994
8003
8007
8008
8012
8015
8017
8022
8024
8030
8034
8037
8039
8041
8043
8047
8048
8051
8054
8057
8064
8067
8068
8070
8075
8076
8077
8085
8087
8092
8095
8099
8101
8105
8109
8111
8112
8116
8117
8118
8123
8127
8128
8129
8130
8132
8134
8137
8144
8148
8149
8150
8152
8153,8519
8156
8158
8180
8181
8182
8183
8185
8188
8190
8192
8194
8203
8212
8214
8217
8220
8224
8461,8231
8234
8236
8238
8240
8242
8247
8251
8252
8254
8255
8259
8937,8260
8263
8264
8270
8271
8279
8280
8282
8288
8291
8292
8300
8305
8310
8312
8316
8323
8324
8334
8339
8340
8342
8348
8351
8355
8356
8357
8360
8364
8365
8366
8367
8369
8370
8371
8374
8376
8380
8382
8384
8385
8386
8399
8400
8401
8405
8407
8409
8411
8413
8417
8426
8435
8437
8438
8439
8446
8449
8451
8454
8465
8466
8868,8938,8468
8472
8474,8501
8476
8479
8483
8485
8486
8489
8492
8494
8495
8505
8508
8512
8516
8521
8523
8527
8532
8537
8539
8541
8542
8543
8549
8550
8552
8553
8555
8556
8561
8563
8569
8570
8572
8580
8582
8588
8591
8592
8593
8598
8599
8603
8604
8605
8606
8607
8609
8614
8615
8618
8622
8623
8627
8628
8629
8631
8634
8636
8637
8638
8640
8643
8651
8658
8661
8663
8667
8668
8672
8674
8677
8678
8683
8690
8692
8695
8698
8700
8701
8703
8706
8707
8709
8712
8714
8715
8720
8724
8727
8728
8730
8733
8735
8737
8741
8743
8745
8748
8749
8750
8753
8754
8758
8759
8760
8761
8762
8764
8765
8767
8768
8772
8773
8775
8776
8778
8779
8780
8781
8784
8786
8787
8788
8790
8791
8792
8798
8799
8800
8801
8802
8803
8804
8805
8806
8807
8808
8810
8820
8821
8829
8836
8844
8846
8847
8849
8850
8851
8852
8855
8857
8862
8865
8866
8872
8879
8884
8885
8887
8888
8893
8896
8898
8899
8901
8902
8908
8909
8910
8913
8917
8920
8922
8923
8926
8927
8929
8930
8931
8933
8940
8941
8943
8945
8946
8947
8948
8953
8959
8963
8966
8968
8969
8970
8972
8973
8974
8975
8976
8979
8981
8982
8983
8986
8989
8993
8994
9002
9004
9008
9010
9011
9014
