0,1536,7682,3077,2053,519,4103,5129,8716,7183,7696,2065,8722,2067,5137,7189,5654,6677,5139,7704,7201,8226,4643,7715,6695,2602,4654,6709,3127,8251,6207,3647,3138,8259,7749,583,6216,5705,4169,1097,5191,8271,5713,6228,2644,3669,7255,5718,1625,2654,4703,8798,98,4707,7268,7271,5224,7277,6254,5232,6262,8312,1657,4218,6267,5755,5244,5245,2689,3713,4737,4230,8327,3721,4748,5773,2188,3728,1681,7827,7318,3227,5275,3229,2724,7334,2728,8360,3242,8363,4264,2221,1713,6325,1718,7865,1724,8382,1215,3776,2754,4806,5831,1223,6855,5318,5323,3277,8397,1747,3795,2773,6871,217,3801,729,5854,5856,5857,6882,1767,2793,1772,4335,7409,6898,5363,2804,8948,7415,5369,251,5886,4350,7424,6401,5891,5892,5893,262,1288,6409,5387,8973,7950,4368,8979,6933,7958,8983,280,7448,4379,8478,804,5931,4395,7469,6958,7991,6968,3898,5436,1852,8513,1346,8515,2885,4425,4427,3917,1358,3413,6491,4955,863,4451,869,8039,6507,8043,4974,8047,2932,8565,2421,1399,8056,2425,2941,4989,895,2946,6018,2436,2438,3466,7563,5516,6027,4492,5519,6031,2962,3987,6549,6554,7578,2973,7583,6049,5026,4003,8099,6053,3489,3493,424,4521,8618,5548,6572,430,7598,4017,2996,951,4026,5050,6075,7102,447,7618,1989,5575,1991,6599,7116,5580,2510,465,2002,4050,5588,4565,7633,6103,7128,3032,1490,8667,1495,7649,5090,4581,8677,3557,2537,8683,5612,3054,4593,8180,5626,6142,2559
2820,8,7432,2316,8461,6673,1811,6548,5779,3864,2457,2461,8095,5280,1952,1955,8231,5419,1452,1455,5301,4150,1461,6842,8252,4284,5566,3016,8402,5843,8404,3671,4440,6615,2789,6887,8685,8813,2031,6896,4215,2683
7681,7553,6148,1797,4741,4613,8328,7433,2699,779,14,1937,6290,8084,4760,540,6813,5664,5793,2212,6567,7720,5292,2606,3120,6326,4282,5693,3521,6594,7493,2502,7495,5065,1227,5068,3792,3925,5593,5597,8030,6113,5729,8934,3816,4585,6124,7406,6003,2164,1271,5884
4892,6759,2472,3593,7338,6283,1740,6638,8754,1970,2868,22,6646,1146,2364,4510,2783
2328,30
8032,1824,34,387,4900,37,295,4078,2293,1017,1693,734
8832,7616,3459,5155,8549,6727,3337,42,5744,6837,4630,3642,2814,7999
4097,8321,6407,5256,7691,8974,912,7824,7966,6307,3753,51,5441,8002,3280,2786,6245,5617,5618,5236
5632,2561,6146,4618,7690,4112,1558,5655,7707,5152,7712,6178,7205,4133,5158,4138,5163,8236,6701,8239,8243,7220,6712,1080,58,4667,3644,6717,7743,4680,7754,2635,6220,1610,4682,8779,2127,6225,6226,3666,2128,8789,2132,4181,6738,6739,8280,7772,6244,3688,4713,8809,8297,8302,4724,4726,7799,8825,2173,1662,3711,7297,8325,7303,7304,4233,1160,8849,7314,1683,3731,7829,2194,3224,8348,7838,5792,7333,6823,5289,1709,6833,7349,2229,2745,7867,8891,8895,3778,3780,7364,6346,5324,1741,206,1742,8912,4817,2771,3285,6870,3292,6365,7902,6878,7398,4327,8424,4329,7917,7407,3824,8189,3312,7411,6899,6901,7928,6394,1787,8956,5372,8447,7937,8449,4871,5899,4877,6928,8464,7446,7960,7450,8987,5404,3357,5918,6944,3365,8487,3883,1836,4911,5936,3890,7476,5943,6464,6468,8004,1348,1353,4946,4437,4438,5975,8026,3425,3942,5480,4457,8556,7532,2927,7024,6514,2934,5495,8568,6012,8579,8581,3464,5513,7051,7566,5009,6035,5013,8094,1439,6560,417,7074,4000,7587,1443,7078,1961,4522,7600,4529,7604,5557,1977,1980,7101,1469,4543,452,5071,4561,6097,8149,4058,8161,998,2024,7657,1516,8174,8688,6640,3573,6133,2039,7161,3578,1531,5116,2045,5630
6657,7170,7685,6152,8720,6163,4116,4125,5675,8747,63,8768,3141,3654,2129,3675,5212,6237,619,5742,2162,5753,8831,7299,4234,8334,3734,4249,1699,5284,1701,4788,7353,7354,8383,2766,2769,3797,5336,8931,4324,7919,7922,761,2298,2300,6915,3844,7941,6916,3335,8457,4363,7956,1302,5915,5405,2845,5408,6443,7470,4406,2873,6970,5437,7486,4927,6470,5970,7512,3433,1898,3955,4469,1911,3448,4482,7555,7558,7575,1944,6039,6043,6050,426,4037,8655,5080,3545,7132,1501
8066,6922,4889,3225,1569,7841,6051,7848,8617,8107,2860,7726,3503,5552,7089,3384,5432,8123,5052,7363,68,6730,6606,6497,8053,7544,7293
74,4932,2125
81,6777
88,3635
4869,1543,3719,3977,5128,1548,1435,1438,2471,4394,2603,2477,6192,2995,694,3005,4925,3010,7362,2373,4678,3788,4942,4945,2647,477,94,97,2914,2917,6501,4453,4843,3314,4595,5878,1142,2687
99,3305,7918,1042,499,3827,2518,7677,7646
108
1664,7809,1411,8324,2571,5263,150,2710,1686,1687,3480,2462,6176,1831,5423,689,6198,953,954,8126,1727,8130,5699,2629,2630,5829,5064,2377,8392,8526,2512,1365,6741,5339,2525,1374,8544,1381,8038,2278,7527,495,4592,6895,8692,117,4853,4221
2137,123,3846
128,6274,6275,4867,3594,2451,916,7703,8096,7459,7973,5166,3888,1331,3135,2495,2882,3526,8011,1231,7636,7127,4837,6131,2680,8443,5500,6015
3656,6305,133,135
8452,5253,4104,140,4365,4495,2831,4501,6296,8986,8737,8746,8111,8885,3897,4930,5964,8781,6349,5330,4952,5098,2296,4089,7418,2046
144,5265,5913,6942,8996,9000,4524,3637,8904,8905,715,6479,2012,7774,8933,6374,7783,7786,3950,8303,8178,7031,1147,8446
7064,1467,156,7758
8706,902,4616,6665,8719,4117,5022,160,5924,5678,6575,8370,3639,6456,7866,4163,6982,5706,8141,8915,1117,7523,7652,2286,3825,5111,3832
4386,4227,165,2023,1998,3761,8882,6674,4657,5683
962,169,7662,1391,6128,1361,4346
8448,3329,640,8576,4483,5765,8710,7688,8842,8203,8592,3474,4373,2454,7322,2331,7709,7839,4515,2467,6308,2342,7717,8998,7593,6313,6570,5420,175,8367,4913,3378,3123,2482,6196,5046,438,5051,3004,6907,7232,8001,8133,8901,7239,7752,5449,4172,6605,3406,8653,4947,7508,7895,7257,3162,7641,2265,864,2016,7011,8167,5356,6381,1774,7535,6771,7032,2169,3450,4091,8444,8829,8830
2691,181,7439
515,8836,3843,1925,5510,2953,4111,1554,8466,7062,3609,1818,4639,8230,3367,7850,4014,6831,8247,184,6459,1984,6976,6854,3270,7757,7759,6994,8022,3160,2008,7642,6621,1118,8929,5994,2156,7154,5887
6661,4071,3751,7081,5582,5328,5841,1682,3934,8500,4343,7993,7452,190
195
6498,8803,199,7858,8343,3196
1542,3207,1671,392,2823,1677,1679,2069,5653,3607,3608,2582,4890,2459,2841,2205,3102,927,3106,1829,6309,2087,3237,937,938,4523,2219,1958,1959,2735,948,2104,828,2751,834,2116,2812,2248,3402,3023,978,212,2645,852,1240,218,859,475,4318,862,355,1380,743,2920,2669,2670,241,372,3452,510,3455
3105,8714,1936,3185,2738,214,408,4216,7965
8067,4740,8071,6669,6931,8596,7069,2077,1566,5502,6181,3878,5164,7215,1586,565,2233,1850,8129,8527,8783,1750,8283,222,4320,4461,2158,5238,6134,1403,8574
1921,227,2759,1933,1934,4597,1717
2758,231,1801,1929,7659,5579,1519,1524,7931
1025,1155,1674,2827,1676,5008,3222,7447,2585,1564,1052,929,2338,3108,6436,1576,7592,2218,3760,2225,3382,3383,7351,2107,2109,2237,706,2371,2372,2118,2251,2254,3022,3279,593,848,853,858,3933,740,871,2919,3176,2666,235,5481,3565,366,370,2679,376,254
3115,236,1579,8591,5424,6641,6610,3126,2327,3896,3834,3931
1219,4516,7784,553,3724,237,4623,8848,7122,2809
2437,6535,3748,5541,2089,2478,7474,4277,1863,5198,3705,7382,471,7001,4187,5983,1888,7777,7906,3180,243,8057,2043,894
6625,4578,6211,6531,6626,4648,8169,6061,4973,8061,244,1525,1917
1545,3099,1565,6689,1571,549,4652,6702,1584,1587,1588,7736,2617,3131,3142,5703,6726,1614,6224,1108,6235,1629,5217,3182,3183,3186,4210,5234,1655,4225,5767,2235,2236,5308,2238,5310,2756,7876,4809,3283,1235,2262,2778,738,1770,247,5367,4356,8965,265,1296,2834,3861,8471,2842,4891,1834,2864,2354,4402,1847,7996,1853,8000,6465,4935,2385,850,3928,1377,4449,2923,2418,7539,6005,379,3964,1918,1932,5007,6551,4503,2971,4514,2469,8121,7100,445,956,4545,977,981,5081,2011,1503,1504,2019,502,7675,8188
4873,258
5376,8195,7428,6533,6022,5894,5640,2570,267,6040,4124,1821,8477,1568,2082,2210,2084,2980,3238,1447,4393,2474,8234,5426,4531,5812,7609,2750,3007,3519,3395,3269,8519,841,844,3577,3662,8909,3791,846,466,7891,1237,2520,8153,3673,3803,4572,1373,4188,4060,4321,7782,2921,874,6251,6635,2922,6890,748,4976,8305,8690,3187,1140,4086,4087,6649,2044,3454,6399
512,6786,4996,4229,271,273,788,4006,1320,685,1965,8758,4539,2108,8765,5950,5573,7240,1994,2123,3663,4049,5586,2780,2782,737,5089,3299,490,491,4076,5996,4208,4339,503,507,4605,4606
274
3072,3856,5402,284,2041,4262,300,303,4528,3785,3284,5207,5208,872,873,4588,6384,2553,2042
1050,289,297,1581,695,2490,1466,2106,955,836,3783,2124,3020,3025,473,857,4827,5088,1015,2557,1022,1919
1248,1186,1827,292,2567,5095,5096,1246,1781,3420,1757,1694,1823
294,4550,3531,2828,3533,7982,6221,6639,1105,3282,7595,3348,4213,3927,1784,2905
3075,712,7577,441,4684,2672,305,1689,443,3516
6338,5603,4647,7946,1968,6067,308,5141,4599,4059,7325
7554,2434,5764,6885,7975,8873,6380,5677,5967,6768,311,8379,8701,5535
4135,2992,5425,6711,314
317
320,3411,4694,935
7689,8715,7573,4631,3876,3371,3884,2350,4656,6834,1078,4157,2429,2493,7488,8897,3140,325,7882,5708,6733,4304,3665,8419,4070,4331,7660,7663,3441,3702,7033,6909,1535
332
344,5482,6426,7765
350
358
2978,2083,360,2539,8117,4153
4705,2693,2503,8872,363,1356,6542,2062,6109,7733,472,8381
3456,2088,365,367,368,7417,2203,5087
3204,646,5780,1436,1065,1067,814,7599,817,697,1860,3909,4170,3021,5847,860,3184,4720,4978,6389,374,3199
2240,3523,643,3461,1795,2252,7055,6194,8341,6137,380,2105,1434,3836,5853,7423
5120,3460,5960,7853,6766,6446,2292,7477,4698,6774,5561,7930,2940,382
4579,7270,838,395,8651,397,4590,3984,6516,825,6461,1885
5965,8902,398
8899,5070,5486,400,8368,6323,8660,5020
2273,5123,4420,965,5542,5735,7291,3051,5581,6609,7859,404,3443,6299,5628,1598
8197,3978,7822,7311,3727,6805,4886,4246,412,8098,8743,8497,2366,3775,4552,5834,5578,7253,4183,6877,5473,8291,5476,8824,1134,6008,4477,5246,1791
6820,8357,8103,8041,7915,7854,7023,434
3171,454,807,5613,4271,8850,4062,3286,7643,7358
459
644,4998,2825,2444,3090,2583,3355,2844,1691,3739,1825,6310,3253,2742,9015,6073,1721,3397,845,2255,2642,3539,5845,469,4570,7515,3550,736,4322,2659,4326,2918,5100,4077,1262,2671,3566,5239,1274,1278
479,5647
7169,8707,6405,5980,4744,3209,8970,4241,8851,5403,6556,8479,3360,7969,5797,4777,5034,8745,2355,4661,3894,2999,6841,1722,6335,7620,2500,5961,5322,4813,2384,721,3415,6233,8409,1115,7644,5724,6366,3039,7519,8417,1759,7139,7396,2787,483,5354,8559,7280,5361,3313,4851,6263,3960
484
489,6675,1324,509
4688,492,5453
3708,5730,7019,4875,5148,496,532,1144,5852
5761,645,2318,6416,3472,1298,3738,5921,4665,2491,4797,7872,7107,6986,1242,3552,1264,3317,504,6396
513,3427,8932,3462,8265,2794,7307,3154,5011,6452,790,8155,4223
8354,524,3117,6130,5531,2965,1814,2967,4475,5532
526,4383
8128,5920,5955,6566,6953,909,7534,529,7030,8319
3970,6789,8201,5642,2186,6926,5136,7443,5398,535,7837,5151,6048,8993,4771,6180,4397,1074,2363,7229,5830,3273,8907,6098,8793,6619,7390,4323,6500,6117,8804,6760,5622,6135,8573,5629,2303
2120,4139,5329,1752,543
8640,547,4517,5740,8564,6424
556
5938,987,559,2071
4357,3736,7454,1696,1191,6954,7468,7093,4407,6583,569,1733,6474,8139,8016,2386,3026,8278,3287,6880,5474,6116,8950,2550,3192,6269,1150
572
576,8871,8362,6765,8505,5119
2288,585,5866,6028
4739,589,2061,4371,5971,4317
8472,5507,3782,1769,842,4653,591,1935,2324,4598,6454,1688,4121,2326,2811
7552,5447,1608,7403,1101,2190,595,7455
2402,5635,8422,6120,7272,4986,7337,7870,5293,750,1450,3504,599,8249,5498,7803,4414,8639
604
612
622
624
8431,4212,630,3223,7288,2623
4992,6403,7301,5766,2696,3212,6672,6289,2706,6291,4498,8213,2833,5911,3991,1562,3998,7967,6174,7331,9005,7602,7475,8372,6322,5559,8120,8633,5434,3003,7357,5183,6208,4551,6471,7753,8903,7113,6477,3923,2775,7384,5214,7263,7903,5346,8163,6756,8802,5352,6634,7147,7020,3821,632,5358,8815,7665,4984,2558
8290,3684,5639,8977,6387,2612,1173,635,3421
637
649,6540,6797,6670,4245,6940,7581,5791,3362,3874,7489,6345,4306,5974,5468,4189,3681,5733,4966,3561,5881,8826,6651
653
6242,8708,4968,4969,8009,7340,4972,4332,2381,7856,4081,657,7125,5305
668
5570,8415,6821,5638,8808,1705,5130,670,6060,6965,7770,4092,8638,2879
7430,8590,2959,8975,7192,675,5543,4782,7087,7343,4275,9013,5941,5435,8893,2113,7878,5448,1357,8911,7123,6102,1110,7897,6620,990,7266,1893,4582,2664,6637,3567,5883,1660,2302
678,6662,3303,786,5043
1157,3081,2314,3979,8332,8972,8846,6287,5134,3857,1170,8852,3989,7700,3479,8728,7320,3993,1697,4770,7713,4258,7976,5673,3628,5807,1202,1459,6201,698,4795,3901,8254,4556,4429,8399,6487,5595,8284,2397,8286,1631,5601,7393,8547,6631,8442,7021,3437,8049,7794,2422,6393,7034
8962,5479,5865,4909,7088,5202,2708,8501,3541,8474,701,8158
704,732,1028,6659,1019,8008,6249,3882,7050,3759,7281,3122,2587,4283,1820,5790
8064,2048,709,4520,2505,5066,7771
725
1152,6080,8548,7237,5445,6788,2052,745,8525,5521,2299,3710
1514,5457,753,6165,5720,6205
762
763
768,6948,2660,3686,6088,5772,4589,4622,8311,3315,7412,5332,6167,1305,7836
8928,8833,2818,5216,773,8267,782,8151,7699,8727
791
5121,5122,2051,4560,7282,795,4956
7300,3793,4444,4410,8380,799
5794,802,7947,7437,2702,3958
6946,8776,810,812,3100,1294,6065,6105,3252,4600,3641,8668
5698,5868,818,8244,8152,8735
829
4504,7994,3828,830
3586,6929,2578,5142,4506,6303,7842,2723,2856,1068,3629,1840,7348,1592,8761,1595,3772,4542,832,8530,2916,3430,1384,6121,6769,6392,893
5313,7885,855
2976,5377,6562,5375,868,6919,6032,7251,4763,7517,7295
876
881
888
899
8647,5709,918,8856,8575
4965,4558,4689,7955,920,4285
4664,5665,923,4979
932,1832,5257,3178,1833,5101,8700,7871
7369,940,3538,6232,1789,8191
942
1665,2147,4995,3301,5607,1964,7053,7887,946
6081,2626,2499,3625,6252,4302,5562,7667,6836,8148,3542,3261,4826,2554,2588,2269,958,8703
7296,8068,7813,8838,6663,7305,3085,4114,7058,1685,8086,4248,5281,4641,2475,5037,3889,8504,5946,5947,959,5312,5186,8388,6980,4808,5193,7755,5325,8142,7504,8916,3028,4959,7904,3808,6371,7908,1511,4841,5226,8554,8175,3439,6001,8817,7925,1526
1408,4354,8330,8587,7821,3342,8079,3858,7059,8854,2968,4381,8355,3109,7589,8875,8619,8621,7471,8496,3634,7346,2615,3129,3771,8510,8393,970,8394,6864,2387,7635,2901,7892,6616,6745,1630,7648,5093,5862,4601,7420
6276,6917,8454,5643,5776,8085,6434,8880,7606,2875,8386,974,8534,5078,2655,3810,8434,3188,4733,7294
3473,980
8695,4650,1843,983
993
1376,8384,6972,2889,3755,1003,2223,7216,5553,6614,8503,7260,1311
2909,1007
3968,8198,4615,6920,5001,8967,8458,6284,2058,5902,5778,8083,6425,5401,3615,6687,3744,1059,5671,6317,3630,5935,1329,4532,8245,6966,5431,5049,8257,5442,3908,4805,6217,5450,7243,6089,2508,8649,4431,4943,4819,1493,4185,3678,3551,6240,5986,7141,8294,4205,4847,1011,6515,4341,6776,8827,8060
1030
7298,6457,1037,1967,6511,6647,6265,8062
1038
2208,8865,5731,5060,8773,7686,6183,6857,7500,4591,1040,8914,5107,5972,6742,6169,1405,6655
1053
5984,7425,1058,7336,7082,8650,6029,5785,1849,5439
1061
1120,8289,7590,8713,4718,1072,5823
4896,5957,7815,5867,6735,1076
1370,1084,4823
1088,8262,8486,4074,8469,6166,5686,3768,1561,5855
1089,5255,4839,1642,8364,4716,4780,2767,3600,7929,6046
1093
1122
1126,8656,7217,6930,5017
1130
1136
3233,4610,3524,8389,8423,3050,4106,4364,5262,1143
1154
1923,5417,1163,2608,6206
3553,4706,7203,2307,8663,5223,4040,2761,8106,4814,1167,7989,7159,6906,6876,8862
2688,2241,4448,1172,5365,8888,5563,2878
1176
1184,4141,8143,7632,2867,4084,6007,4191
1188,1796,8263,2514,4926
7104,1194
4480,5381,2694,3400,4392,2121,7693,8078,5998,1198,7793,7054,2294,8376,8601,1307,5023
6934,1199
7875,5380,1221,4009,6795,4175,8752,8210,3475,7988,1205,7607,4473
5825,7458,6724,1414,4903,3111,5355,6222,6286,8400,7694,8116,7668,1210,8028,4701,6716,6815
6144,3842,3331,2822,8844,2829,8593,7315,7065,5415,1960,4011,1212,8258,4293,6100,6872,3423,3936,1889,7802
1216,2757,1798,8521,5712,1716,8150,1887
4868,3592,5898,6157,2573,7961,7983,3257,5817,5696,1225,4815,5334,5849,6873,8794,7651,2161,6520,5756
1229
1233
2855,6951,7211,8877,5518,6800,1234
1250,5648,5366,2488,1786
1251
1422,4122,5660,6045,3239,5288,8499,2740,2883,5444,8390,2272,1254,6892,5229,5869,1518,7408,5490,8439,8318
1256
6692,8582,7819,6764,4108,1266,4436,7806
3916,3698,5554,3700,6421,4024,8953,7194,8539,1277,1755
1281
1284,4905,7725,5489,7890,4052,5784,4413
5185,3617,3939,1285,8971,2604,4144,7187,5850,5917
8704,2178,7781,1286,7079,2090,7083,1338,4627,8403,7286,8470,4602,1339
7040,7619,7467,8172,1300
4384,4738,1314,6725,8232,8717,2227,3860,2646,1567
1317
1323
2122,1325
1326
1793,5700,7179,6091,4338,1332,8440,6845,6111
1334
6085,5061,8553,3947,3214,5775,8659,8883,6068,5241,1341,7901,8217,2463
4961,6280,7273,7370,6379,5260,4939,6604,7864,4054,5879,1368,6074,5627,7868,4669,4990
1387,3589,2943
1394
1418
8138,5295,4786,1427,2748,7551
1429
8896,1463
1473,7321,7457,5512,1481,8881,4377,5978
1474,7596,1653
8705,1476,5412,7626,8309
4963,2276,1484,1873,2517,5880,5055,6203,6172,7071
8834,1487,6749,4663
1498,4403,5215,8535
1506
1513,2340
6624,4165,7728,1521,5428,8118,6710,7451,6423
6952,1529
7378,1538
1540
2661,1550
3041,1575,6894,8627,4500,4895,3581,6559
1589
6340,7846,3498,5195,8784,8050,5877,7894,8345,1596,7549,6079
1601
4957,2747,1604,5837
1606
6528,7072,7168,8483,6433,8453,6790,4039,2824,3339,1612,8622,8179,6772,1945,1946
1616
1619
1623
1635
6114,4803,5670,6728,3401,1640,4553,8301,3281,5522,5811,4852,8886,5112,7231
2177,8323,6149,7561,5132,2320,7061,5527,3356,8352,3619,5286,6187,3254,7097,8634,8770,5702,6985,4173,5204,3035,7140,5609,1643,2290,7669
3974,3272,7978,8075,8906,1646,8756
6852,3143,5995,3692,1649,3226,3294
1667
1668,3068,8222
1692
8356,6278,1706,5299,7289
4704,6785,6118,5804,1719,5848
7936,5082,1730,6723,4290,5477,8101,5633,4137,3218,6259,4855,5594
1734
1738
1744,8672,7028,8561
1762
6019,6534,7916,4525,7312,1776,8144,6643,4831,7221,2911,7167
4204,1778,3468,4767
3812,7881,8969,1805,8658,7292
6122,3611,1806
1807
1816
1830
7472,8946,1838
2692,4708,2184,3436,3190,5368,4474,7355,4860,1854
1857,7862,2279
1865
6496,4193,8866,8771,7812,7494,5031,8204,1868,3037,5074,6903,6584,7773
4257,3528,1869,4399,8697
3740,7845,7014,5484,4113,1874,8823,4732
1878
1882
7550,1891,3172,4295,5610,7951,7984,4401,8276,3358
1900
1905
7042,8042,7150,7634,1909,6390,4828
6017,7265,8154,8489,4717,1914
1928
6129,1940
5537,7462,6472,3913,4020,1941,4791,8185,6330
2532,5509,4846,6190,7120,2705,4177,8631,6295,8604,3325,1950
1957
3048,8035,1972,4999
1973
1986
2000,2351
2359,2007
2080,6853,2014
2027
2034,3103
2038
2056,8642,8460,8045
2074,2339,3491,2897,5429,7674,6654
7375,3920,7537,7826,6936,7130,6363,6140,2078
8322,6633,2094,3892,8763,8958
2096
2102
4418,3554,8645,5805,2894,4082,3540,2110
6440,2111,5487
4802,3112,7274,8652,2135,7672,6362
2140
2145,5890,2877,8557
2149
2153
8552,8202,5707,5393,4915,2167,6682
2180
8997,5062,7016,5545,5321,4041,2924,4685,3245,4369,7091,2196,5909,7893,5115,4991
5353,2199
2977,2274,8019,6773,2206,6302
2216,8508,5685
8132,2222
2226
2242
2247
2256
2258
5024,2283,5149
2284
8868,2309,8938,8468,3097
2313,7509
7971,5287,2535,6508,2323,2813
2334
7013,6874,2344,7869
2347
2352
6467,6558,5063,7400,5736,2762,8492,3853,8602,2895,8405,9014,6328,2362,2460,3582
2367
3042,2375
2378
2390
5091,8741,8462,8495,8787,8342,8537,2523,3838,2399
2404
4192,8736,6020,2407,8711,4632
2409,7722,5099,3756,3308,5905,7835
4259,2412,5350
2950,8584,4617,4756,5147,6941,5539,2485,7114,8146,4949,8800,5606,6248,7414,7927,6648,5750,4348,2431
2433
2837,2445,3718
2744,8081,2449,5819
2465,3597
8165,6729,6062,7899,2524,7805
2528,4710
2530,6119,6791
7073,2541,6830,4604,4596,8661,4790,5815,5397,6236,8894
2543
3234,8451,7748,7779,7529,7818,6732,4878,7855,3953,2546,6867,8338,6680,6585,7133,7134
8485,7431,6983,2547,3352,5820,6077
5529,8570,2555
2563,8270
5249,2568,3722,6731,6385,8569
2575
2580
2589
2906,2591
2595
4967,2600,7807
6818,6372,2610
2614
2619
5504,2624,7427,7043,3174,3398,7816,8681,5478,8052,4537,4922,7195,7710
2631
6588,2639
2667
2674
8760,2675,8821
2704
2711
2714,5270
5621,2715,2949
2716
2722,7979,6526
5760,8777,3298,2727
3321,2731
2732
2733
2765
7075,5928,4747,2796,7213
2799
3169,5297,2803
2806
2816,5508,9004
6215,4938,3820,2830,6161,3095,8441
2848
2850
4198,7464,2858,7084,8908,3477,4478
5704,7193,2862
5497,2866
5505,3976,4722,6835,2870,5209
8017,2891,8643
2893
7761,2929,8194,7171
2956
2957,5168,5616,8818,8822,4508,5533
2964,7653
2972
2983
2989
2997
3001
8674,3011,7939,3850,7249,4022
3013
5385,3018,8874,6713,8751,8889,6011
3038
4866,3045,3306,8238,3088
3057
3059
5840,3064,8595,8104
3065,8438
3069
3091
3093
3132
3139
3144,5788
3145
3146
3148
3153
3158
8725,8853,8790,3449,3164
4512,3650,3910,3215,7952,8374,6587,3165
3166
3175
3179
3193
3201
3202,5956
3208,6808,5221
7944,4624,4273,6002,3216,6324,3483
8843,3247,8240,3217,8282,8092,4415
3219
7209,6828,3248,5906,7350,6998
8841,4376,6170,7834,5667,6563,3259,4421,6231,8796,7391,7525,3689,8429,8307,5748,7541,7542,6911
8861,6636,5973,8989,3263
3264
3266
3288,7923,4067
7747,8164,5990,8268,8780,5650,4563,8277,7126,8088,7513,3290,7932,4636
3296
3302
3319
3322
7009,3338,8046,5267,7095,6747,7039
3340
3346
3369
3370,4693,7591
6603,3374,8694,6200,6524,4253
4466,3375
6978,8585,7177,3377,8115,8755,4182,7738,4700
3379
3385,8923
6281,3388
3393,3716
7706,3403,7628,5781
3418
9011,4146,5859,3419
3438
3470
3484
5452,3487
8769,3971,3495,6984,6539,7629,6574,4079,7441,5460,5524,7413,4893,3518
3501
3507
9010,3509,8698,7580,7485
3510,8310
6561,3511,4459,6860,8215,6650,4027,6047
3520
3530,6141,8606
3585,4196,3564,3535,7379,7510,5053
3536
3548
5546,6607,3568,7762,5047,7673
3570
5220,4199,6292,3574,6490
4034,3603,7186,8543
4609,8456,6126,3667,3604,4118,3992,5018
3616
7528,5458,3621
6441,3623
3626
3632
3649
3651
3657
3659,6550
3682
7745,3694
3695
6600,3696
3704,7905,7536,8920
3706
5032,3715,8036,8772
5386,3763,6462
7490,6979,7655,7371,8207,6004,3765
7376,3798,6406
8227,3814,4456,7756,6481,5242
3818,4463
7138,5156,8166,8306,3826,7063,5466,8223
8076,3831
3840
3865
4359,8976,4658,8054,7833,3871
3872
6627,8739,8775,3881,4303,7695,7570,6963,5114
6844,7910,6536,3886,8124,8926,3935
3904
8792,3911
3944
3952
3973
4691,3982
8992,3997,7366,8959
6273,5506,7241,5002,6188,4016,8371,5754,8347
4019
4023
4030
4036
4042,8884,7492
4044
4046
4818,4085
4094
4099
7737,8626,4101,9006
4115
4127
4129,6311,8105,5264,6811
4134
4143
6798,5455,8048,4145,4340
7233,8523,4148
4160
4167
4195,6851,4424,6057,6411,5135,6418,7507,5592,7162,8702
4219
4222
4224
4236
7226,4243
6858,4251
4255
4267
4279
4287
4292
4298,8723
4299
4307,5587
4310
8314,8805,4311
4312,5739,7597,7942
4316
4333
4673,7487,6151,8671,6744,7372,6445,8913,8918,4344,8799
4352
4360
4367
4382
4388
7377,8774,4391
4396
6840,6466,4416,7496
4428
4434
4439
4445
8192,4464,7117,6191
4472
4485
4488,7410
4497
4499,7526,7767
4505
4534
6752,4548
4569
4575
7465,6258,8182,4607
4625
4635
4637
4645
4670
4674
4676,8605,7638
4696
7852,4709
7545,7531,5550,6809,8791,4729
4742
5680,4752
4754,6612
4758
5584,4764
4766
4772
4776
4783
4800,7483,7614
4811,5933,6802,6708,8159
4812
4824,6376
4834
4836
6344,4844
4849
4857,4982
4861
4864
4872
4880
4898
4902
4904,5672,6347,6355,6905
4906
4919
4921
4936,8839
4954,6316
7218,4958
5571,6213,6664,4970,5438
8947,4980,8476,8759
4983
4994,5722,7198,6623
5005
5016,7530,7044
5030
5040
5057
5072
5097,5075
5102
5103
5117
5125
5131,6780
5159
5171
5174
5181
7608,8532,5188
5230
5258
5269
6691,5271
5273
5276
8465,5282
5303
5335
8588,5342
5344
5347
5364
5382
5391
5392
5395
8563,5406
6720,5407
5410,6947,8648,5968,6044,8287
5443
5454
5907,5459
5464,7207
5470
5471
5493
8033,5530,6458
5536
5549
6179,8550,5577,7565,7319,7164,8190
5583
5605
5619
5624
5637
6602,8396,5644,6139,8511
5646
5649
5658
5668
5688
5690
5694
5710
6913,8679,8494,6544,6162,5715,7831
6912,5716,7373,7046
7623,7404,7790,7190,5719,7259
5725
5745,6685,6990
5759
5768,8212
5770
5786
6992,5799,8351
5802
5809
5810
5827
5839
5864
5873
5897
5901,7397
5922
5925
5932
5954
5959
5989
5991
6597,5993,8917,8070
6014
7236,6021
6024
6026
6034,7987
6955,6038
6064
6070
6084,6391
6093
6715,6107
6153
6154
6160
6168
6184
6699,6238
6243
6250,6629
6260
6270
6279
6282
6354,6293
6298
6319
6334
6341
6351
6352
6356,7309,7935
6359
6367
6369
6375
6398
7769,6428
6431
6432
6437
6447
6450
6483
6486
6503
6518
6522
6538
6545
6568,8205
6577
6578,6676
6579,8623
6589
6591
6592
6617
6642,8927
6653
8712,7992,6658
6667
6668
6681
6683
6698
6704,8966
6706
6721
6736
6750
6757
6761,8981
6767
6782
6793
6796,8413
8034,6803
6817
6826
6827
6839
6848,8435,7622,8335
6850
7832,6859
6862
6893
6904
6923
6961
6967
6973
6997
7002
7006
7010
7017
7026
7889,7029
7037
7047
7052
7057
7067
7076
7080
7090
7419,7092
7096
7098
7258,7108
7111
7789,9008,8820,7124,7764
7136,8432
7142
7143
7145,7388
7151
7152
7157
7172
7175
7181
7191
7197
7206
8296,7210
7223
7246
8637,7247
7264
8603,7269
7276
7283
7285,7478
7323
7326
7328,8288
7330
7341
7344
7360
7367
8520,8941,8943,7380,8156
7383
7386
7395
7422
7434
7473
7479
7480
7481
7482
7497,8924
7499
7502
7511
7518
7521
7540
7546
7548
7556
7568,8502
7569
7572
7579
7611
7612
7664
7666
7671
7718
7719
7724
7727
7731
7732
7734
8003,7739
7740
7750
7766
7776
7796
7801,8242
7817,7804,8340
7840
7849
8922,7883
7913
7924
7933
7948,8788
7949
7954
7962
7986,8437
8007
8012
8015
8024
8037
8051
8077
8087
8109
8112
8127
8134
8137
8181
8183
8214
8220
8224
8255
8937,8260
8264
8279
8292
8300
8316
8339
8365
8366
8369
8373
8385
8401
8407
8411
8426
8512
8516
8541
8542
8724,8551
8555
8572
8580
8598
8599
8607
8609
8614
8615
8628
8629
8636
8678
8709
8726
8730
8733
8748
8749
8750
8753
8762
8764
8767
8778
8786
8801
8806
8807
8810
8847
8855
8857
8879
8887
8898
8910
8930
8940
8945
8963
8968
8982
8994
9002
