0
8,7432,2316,2957,6673,1811,6548,5779,3864,2457,2461,5533,1952,1955,5419,1452,5168,5301,4150,6842,4284,3016,8402,5843,3671,6615,8813,8818,8822,4215,2683
14
4892,2472,3593,7338,1740,1970,2868,22,6646,2364,2783
2328,30
34,734,295
8032,1824,4900,37,4078,2293,1017,1693
3459,6727,3337,42,3642,7999
6657,7170,7555,3844,7299,7558,6915,7685,8457,4363,7956,4116,1302,7575,5405,7966,6050,6307,5284,1699,1701,3753,426,6443,8747,51,4788,2873,7486,8002,3141,6470,3654,2766,8655,2129,2769,3797,7512,3675,5212,7132,4324,619,5742,5617,5618,7922,5236,4469,2298,8831
5632,2561,6146,4104,4618,7690,1558,5655,7712,4133,6701,8239,58,4667,3644,6717,4680,6220,2127,2128,6226,3666,6738,8789,6244,3688,8809,8297,4726,7799,4233,3731,7829,3224,7838,7333,6823,5289,1709,7349,2745,7867,8891,7161,7364,5324,1741,1742,8912,4817,5330,2771,6870,3292,7902,6878,7917,3312,7928,7418,6394,1787,8447,7937,4871,6928,8464,7446,7450,3357,5918,3365,7464,3883,1836,4911,3890,5943,6468,8004,1348,1353,4946,4438,5975,3425,3942,4457,7532,2927,7024,6514,2934,8568,3464,5513,7051,4495,5009,6035,5013,1439,6560,7074,7587,1443,7078,4522,4529,5557,1977,1980,7101,1469,4543,5071,4561,6097,8161,2024,7657,5098,1516,8174,8688,3573,2039,4089,5116,8189,5630
782,2162,3734,5080,63
68,6922,6606,7726,8053,7544,3225
74
81
88
5128,5129,98,94
7682,2053,1543,4103,2065,5137,2067,6677,8226,4643,2602,2603,4654,6192,3127,6207,583,2644,3669,1625,2654,97,4707,7271,4204,7277,1142,4218,5755,5244,2687,3713,4737,3719,3721,4748,3728,1681,7827,3227,4767,2724,2728,8363,2221,1713,6325,694,1724,1215,4806,5318,3788,8397,1747,2773,6871,217,3801,729,5857,1767,2793,4843,7409,6898,5363,5878,5369,251,5886,4350,6401,5891,5892,4869,7950,4368,6933,7448,4379,8478,4394,6958,6968,3898,1852,2885,4425,4942,4945,7507,3413,4955,863,2914,4451,2917,6501,869,4974,8565,2421,8056,1914,895,6018,2436,3466,7563,6027,3468,5519,6031,2962,3987,6549,6554,7578,1435,2973,1438,7583,8099,3493,424,4521,5548,430,4017,2995,951,4026,3005,3010,7618,1989,4050,1495,3032,477,7649,5090,4593,4595,5626,2559
99
108
5263,150,2710,2462,5423,2226,6198,8126,1727,2629,2630,5829,5064,2377,6858,8392,8526,2512,1365,5339,8544,495,6895,117,4853
123
128
3656,6305,133
135
8736,8441,5253,6215,6953,7978,4841,3820,140,4815,8050,7796,5877,2296,8345,5242,7550
7172,8996,6374,8904,8905,9000,715,4524,5195,3950,8303,6479,144,7786,3637,1909,1147,6942
7064,156,7758
160,7523,5706,8141,5678,3825,5111,3639,3832,7866,1117
165
169,7662
8576,3329,8448,4483,5639,7688,8842,8592,8977,3474,4373,2454,2331,7709,7839,4515,2467,6308,2342,8998,5420,175,8367,4913,2482,3123,2612,438,7752,6605,3406,4947,7508,7895,7257,3162,3421,864,2016,7011,3684,8167,6381,1774,7535,6387,7032,3450,4091,8444
181,7439
184
4071,3751,7081,3934,1682,8500,4343,7993,7452,190
195
8343,3196,199
3578,2132,206
3207,1671,392,2823,1677,1679,2069,5653,3607,3608,2582,4890,2459,2841,2205,3102,927,3106,6309,3237,2087,1958,1959,4523,2219,2104,828,2751,834,2116,2812,2248,3402,3023,978,212,2645,1240,218,859,475,4318,862,355,1380,743,2920,241,372,3452,510,3455
3105,1936,3185,2738,214,4216
4740,8071,6669,6931,8596,7069,2077,1566,6181,3878,7215,1586,565,2233,1850,8783,222,4320,4461,2158,6134,1403,8574
1921,227,2759,1933,1934,1717
2758,231,5579,1519,1524
1025,1155,1674,2827,1548,1676,5008,3222,2585,1564,1052,929,3108,6436,1576,7592,2218,3760,2225,3382,3383,2107,2109,2237,706,2371,2372,2118,2251,3022,3279,848,593,853,858,3933,740,871,2919,5481,2666,235,3565,366,370,2679,376
3115,236,1579,5424,3126,2327,3896,3931
237
1888,3748,1863,3180,5198,7474,243,471,3705,5983
6625,4578,4391,8169,4973,244,1525,1917
2307,247,4503
254
258
262
1545,549,1584,1587,1588,3131,3142,5703,6726,1614,1108,3158,6235,3182,3183,3186,4210,5234,1655,5767,2235,2236,2238,5310,2756,7876,4814,3283,1235,2778,6876,738,4356,8965,265,1296,3861,8471,2842,4891,1834,4906,2354,4402,7989,1847,1853,8000,4935,2385,3928,1377,4449,2923,2418,7539,6005,379,1918,1932,5007,6551,4514,8106,8121,956,445,4545,4040,977,981,5081,2011,1503,1504,2019,502
5376,5640,2570,267,6040,4124,8477,1568,2082,2210,2084,3238,4393,4531,5812,2750,3007,3269,841,844,3662,846,466,1237,2520,4572,1373,4188,4321,2921,2922,6890,4976,3187,1140,4086,4087,3577,3454,6399
273,4605,271
274
280
284
644,2825,3090,1050,3355,2844,3739,289,2742,695,9015,1721,2106,955,836,3783,3020,2255,3025,5845,473,857,4827,7515,5088,4322,4077,1262,2671,3566,5239,2557,1919
292
4550,294,3531,2828,7595,1784,2905
736,1825,1022,297
3072,2042,872,873,3785,300,303,3856,6384,3284,5207,5208,2553,5402
3075,712,7577,441,4684,2672,305,1689,443,3516
6338,5603,4647,1968,6067,308,5141,4059,7325
7554,5764,8873,6380,5677,311,8379
2992,5425,314
317
320,3411,935
325
332
344
350
358
360,2978,2083
4705,363,7052,1356,6542,2062,472
3456,2088,365,367,368,7417,5087
3184,4978,5780,374,860
640,643,3461,6194,2041,1434,380
5120,7853,6766,2292,2940,382
387
838,395,1885,397
398
400
404
408
412
417
434,6820
447
452
454,2943
459
8513,465
2787,483,2918,845,4241,3313,2999,469,6263,1722,1274,5980
479
484
489,509
5089,3299,4229,7240,490,491,4076,1994,4049,5586,4339,4539,4606
492
5730,4875,7019,5148,496,532,1144,3708
499
737,2780,4996,5573,4006,2123,1965,788,503,2108
512,1320,3663,4208,504,4665,2782
507
513
6273,515
519
1461,8124,524,2007
526
5920,5955,909,7534,529,7030,8319
5398,535
7681,6148,4613,8328,2699,6930,8084,4760,5017,540,6813,5664,5793,7217,6326,4282,7493,1227,8934,3816,6003,2164,5884
5329,543
547
553
556
559
6880,5474,6116,4357,6954,6827,8139,3736,569,8016,3026,2550,6583,3192,8950,3287,6269,1150
572
576
2288,585
4739,589,2061,4371,5971,4317
3782,842,591,1935,4598,6454,1688,2811,829
595
599
604
612
622
624
7288,4212,630,2623
8903,8107,5644,7089,632,3003,5214
2265,5765,1173,2169,635
637
3472,2491,645,2318
3204,646,1067,3021,814,6389,5847,697,1436,3199
649,6540,6797,6670,4245,6940,7581,5791,3362,3874,7489,6345,4306,5468,4189,3681,5733,4966,3561,4340,8826
7298,6457,653,6647,6265
657
668
670
8590,7192,675,4782,7343,9013,2113,7878,5448,1357,8911,7123,6102,990,7266,1893,4582,6637,5883,2302
678
685
689
698
8962,5479,4909,701,8158
704,732,1028,6659,1019,3882,3759,3122,2587,1820
832,7233,7842,709,6121,1592,1068,1840,7348,6392,4506,1595,3772,893
721
725
745
748
5635,8422,6120,7272,7337,1450,750,3504,8249,8639
753
761
762
763
768
773
6113,5729,1797,6567,779,3120,6290,5597
786,5043,6662,3303
8932,3462,1606,8265,2794,3154,5011,6452,790,8155
791
795
799
802
4003,804,1223,1772,7189,5050
4062,807
6946,810,812,1294,6065,3252,4600,3100
937,817,3099
818
825,4590
830
850,852
7885,855
4616,6665,6456,868
874,2044,4754
876
881
888
894
899
902
912
916
8647,5709,918,8856,8575
920,4689,7955
4664,923
932,1832,1833,3178,5101
6224,938,5367
940
942
1665,4995,3301,5607,1964,7053,7887,946
6689,948,1542,2735
1831,1686,1687,953,954
2626,2499,4826,2554,2588,2269,958
7813,8838,6663,7305,3085,7058,1685,8086,4248,5281,5037,3889,8504,5946,959,5312,5186,5193,7755,5325,7504,8916,3028,7904,3808,6371,7908,1511,5226,8554,8175,3439,6001,8817,7925,1526
962
2273,4420,965,5542,5735,7291,3051,5581,6609,7859,3443,6299,1598
4354,8330,8587,7821,3342,8079,6802,7059,8854,4381,3109,8619,8621,7471,7346,2615,3129,3771,8393,970,8394,6864,2387,7635,2901,6616,7648,5093,5862,4601,7420
3810,6276,5643,974,7606,7294,2655
3473,980
4650,1843,983
987
993
998
1003
1007
3968,8967,6920,5001,8458,2058,5902,8083,6425,5401,3615,3744,1059,6317,3630,5935,1329,4532,8245,6966,5049,8257,5442,6089,5450,7243,8649,4431,4943,5458,4819,1493,4185,3678,3551,6240,7141,8294,4205,4847,1011,6515,4341,6776,8827,8060
2490,1581,1015
1030
1037
1038
1040
1042
1053
1058
1061
1065
1072,8289,7590
6180,6117,5830,6789,2186,2283,4397,3535,1074,5629,5151
1076
7689,8715,7573,3876,3371,4656,5810,6834,1078,4157,2493,8897,7882,6733,4304,3665,7634,8042,4331,7660,7150,7663,3441,6390,7033,6909
1080
1084
1088
1089,5255,4839,4716,4780,2767,7929,3263
1093
1097
7552,5447,1608,7403,1101,2190,7455
1105
1110
1115
1984,5510,2953,7759,6459,1118
1120
1122
1126
1130
5476,8197,6151,6877,3978,1134,7311,3727,8497,7253,4246,4886,4477,2366
1136
3233,3524,8389,8423,3050,4106,4364,5262,1143,7611
3585,2433,3970,4615,8201,5642,6926,5136,7443,7837,5149,4771,7096,2363,3273,8907,6098,8793,7390,4323,6500,4196,5622,6135,1146,8573
1152,6080,8548,7237,5445,2052,8525
1154
1157,3081,2314,8332,5134,6287,7700,6550,3479,7320,3993,4258,7976,5673,5807,1202,1459,4919,6201,4795,3901,7622,4556,4429,1233,6487,8284,2397,8286,1631,5601,7393,8547,6631,8442,7021,3437,3568,8049,7673,7034
1160
1163
1167
1170
1172
1176
1184
1248,1186,1827,2567,5095,5096,1781,3420,1246,1694,1823
2514,1188
2386,1191
1194
4480,2694,3400,7693,1198
1199
1205,3574
5825,7458,6724,1414,4903,6222,7694,8726,1210,4701
1212
1216,2757,5712,1716,1887
1219
5380,1221,4009,8752,7607
1225
1229
7459,1231
1234
1242
1250,5648,5366,2488,1786
1251
2272,5444,8390,3239,1254,6892,7597,1422,1518,5490,8499,2740,4312,8318
1256
1264
1266
1271
3700,4024,7194,1755,1277
3397,1278
1281
1284,7725,5489,4052,5784
3617,1285,8971,2604,4144,7187,8373
8704,2178,1286,7079,2090,4811,7083,5933,8403,7286,8470,1338,1339,8159
1288
1298
1300
2660,5772,4589,4622,3315,6167,7412,8311,1305
1307
1311
1314
1317
1323
1324
2122,1325
1326
4867,7973,3526,3594,8011,5166,3888,7127,1331,7703,5500
5700,7179,6091,1332,8440
1334
1341
1346
1358
1361
1368
1370,4823
1381,1374
1376,7216,6972,2223
1384
1387
1391
1394
1399
2208,5060,7686,6183,6857,6655,4591,8914,4499,6742,1405,6591
1408,3858,2968,7589
1411
1418
8138,8172,5295,1427,2748
1429
1447
1455
8896,1463
1466,4998
1467
1473,7457,8881,7321,5978
1474
8705,1476,8309,5412
1481
6203,4963,1484,5055
8834,1487
1490
1498,4403,5215,8535
1501,4249,4482,7941,5256,2409,7691,8204,3280,6039,5336,5753,4125,8383
1506
1513,2340
1514
1521
6952,1529
1531
7488,8419,3140,1535
1536
7264,1538,7855,2546,6867,6585
1540
1550
1554
5968,1561,7095
6497,8066,7848,3503,5552,2833,1562,5052
1829,1565
4738,6725,8232,8717,2227,3860,2646,1567
1569,7113,2860,3212,6322,8633,5183
1571
6559,3041,8627,1575
1589
1596
1601
4957,2747,1604,5837
1610
7168,4039,2824,1612,8179,6772,1945
1616
1619
1623
1629
1630
1635
4803,5670,6728,3401,1640,8301,3281,5522,5811,4852,8886,7231
1642
1643
1646
1649
1653
5761,2946,5921,3716,2373,1657
1660
6162,1662,8223
4688,4592,5453,1664
1667
8530,2723,1668
1683
1691
1692
1696,7651
1697
5570,6821,1705,5130,8415
1706
6017,7265,5224,1718,5275
1719
1730
1733,7468,5297,2803,8278
1734
1738
1744
1750
2120,4139,1752
1757
1759
1762
4121,1769
1770
4525,7312,1776,7221,7167
1778,2188
2375,7369,3538,1789,8191
1791
1793
2240,3523,1795,8341,6137,2105,3836,5853,7423
1796
1798
1801
8658,1805
1806
1807
8354,5531,2965,1814,2967,4475,5532
1816
1818,1925,8230
1821
1830
7472,1838
1849
3190,5368,7355,4860,1854
1857
3842,1860,3909
1865
7812,5031,1868,6903,6584,3037
3528,8697,1869,4399
2276,5230,1873,5880,7071
4113,1874,7845
1878
1882
6144,1889,4293,2822,5415,3423
1891,3172,4295,5610,2831,7984,4401,3358
1898
1900
1905
3448,3545,1911
1923
1928
1929
1937
1940
5537,7462,6472,4020,1941,8185
1944,2786,4413,6237
1946
7120,2705,8604,3325,1950
1957
1960,5507
1961
1967
3048,8035,1972,4999
1973
1986
1991
1998
2000
2002
2008
2012
2014
2023
2027
2031
2034,3103
2038
2043
3634,3850,2045
4930,6759,4365,8276,2046,7743
2048
4560,5121,2051
2056,8460
2071
2897,2074,6654
7375,7537,7130,6363,6140,2078
2080
2089
8322,2094,3892,8763,8958
2096
2102
4418,3554,8645,5805,2894,3540,4857,2110
6440,2111
2121
2124
2125
4802,7274,8652,2135,6362
2137,3846
2140
2145
2147
2149
2153
7336,2156
3257,4868,5898,2573,7983,2161,7961,5334,6520,5849,8794,5756
5393,8202,5707,2167
4138,2173
8352,2177,8323,3619,5702,5286,5609,2320,6706,5527,3356
2180
2184
8302,2194,3285,8026,8094
2196
2199
2203
2977,8019,6773,2206
5068,2212
2216
2222
4828,2429,2350,2229
2688,2241,4448
2242
2247
2252,2254
2256
2258
2262
2274,6302
6741,2278
7862,2279
2284
2286
2290
7054,2294
2299
2300
2303
3097,2309
2313
2323,2813
2324,2326
2334
5856,2689,2338,6049,5854,5135,6103,2647,8088,7513,7102
2339
6627,7013,2344,3881,6963
2347
2351
2352
2355
2359
2762,8602,2362,2460,3582
2367
2378
6242,8708,4968,4969,8009,7340,4972,4332,2381,7856,7125,5305
3360,7169,3209,5354,8559,2384,5361,3960,5403,5724,6366,6335
2390
2399
2402
2404
4192,6020,8711,2407,4632
2412
2600,6393,2422,4967
2425
5606,8584,4617,7114,8146,2485,4949,7927,6648,2431
2434
2437
2438
3625,6073,2444,2583
2445,3718
2744,2449
6274,5745,2451,7636,6015,8443,6685,3135
5061,8553,5775,8659,8883,7901,2463
2465
2469
2996,2471
2474
8388,6980,4808,2475,3477
2477
2478
4837,2495
2500
3521,2502
6109,7733,8381,2503
2505
4641,5986,4805,2508,5778,5431,6687
2510
2517
3305,7918,3827,2518,7677
2523,3838
2524
2525
2528
2530
2532
2535
2537
2539
2696,6730,2541,8487
2543
6983,7431,2547,3352,6077
2555
7602,2558
2563
2568,5249,3722,8569
2571
2575
6929,2578,3629
2580
2589
2591
2595
2606
2608
2610
2614
2617
2619
5504,2624,7427,3174,3398,7816,8681,8052,4537,7710
2631
7754,2635,4724,5495,8987,5372
6588,2639
2642,7139,4326
2659
2661
2664
2667
2971,2669,2670
2674
2675
2680
2691
3667,2692,6126
2693
2702
2704
6756,7301,6471,5352,4551,6634,8815,7665,7903,2706,8372,3998,4255
2708
2711
2714
2715
2716
2722,7979,6526
8777,3298,2727
2731
2732
2733
2754,3698
6872,2761,4652,8862
2765
7753,6477,3923,2775,7357
2789
2796
2799
3489,2804,8716,4717
2806
4516,7784,3724,4623,8848,7122,2809
2814
2816
2818,8861
2820
2829
4938,2830,6161,7894,3095
2834
2837
2845
2848
2850
6800,2855,5518,6951
2856
2858
2862
2864
5497,2866,2980
8143,7632,2867,4084,6007,4191
7073,5815,6830,4604,4596,5397,2870,4790,6236
2875,3188,8534
8557,2877
2878
2879
2882
2883
2889
2891
2893
2895
2906
2909
2911
2916
2924
2929
2932
7875,6795,4175,3475,4473,2941
5621,2949
5539,4756,2950
2956
2959
2964,7653
2972
2976
2983
2989
2997
3001
3004,6196
7249,3011,7939,4022
3013
3018
3035
3038
3039
3042
3045
3054
3057
3059
3064,8595
3065
3068,8222
3069
3077
3088
3091
3093
6716,3111
3112
3117
3132
3138
3139
3143
3144
3145
3146
3148
3153
3160
7430,8725,8853,3449,3164
4512,3910,7952,6587,3165
3166
3169
3171
3175
3176
3179
3193
3201
3202
3208
3214
3215
7944,6002,3483,3216
3217,8843
3218
3219
3223
3226,3294
3229
3234
3242
3245
3247
3248
3253
3254
3259
3261
3264
3266
3270
3272,8906,8756
3277
3282
3286
3288
3977,3290,5931
3296
3302
3306
3308
3314,4866,4678
3317
3319
3321
3322
3331
4037,3335
3338
3339
3340
3346
3348
3367
3369
3370,7591
3374,8694
3375
6978,3377,8115,8755,7738,4700
3378
3379
5696,3384,6291,8894
3385
3388
3393
3395
3403
3415
3418
3419
3427
3430
3433
3436
3438
5561,3460
3470
3480
3484
3487
3491
8769,3971,3495,6574,4079,5524,7413,4893
3498
3501
3507
3509
3510,8310
3511
3518
3519
3520
6562,6919,3530,6032,4763,5375
3533
3536
3539
3541
3542
3548
3550
3552
3553
3557
6048,3564
3567,5435,6620,7087
3570
3581
3586
3589
3592
3597
3600
4034,3603
8456,4609,5018,3604
3609
6122,3611
3616
3621
6441,3623
3626
3628
3632
3635
3641
3647
3649
3650
3651
3657
3659
3673
3682
3955,3686
3689
3692
3694
3695
6600,3696
3702
3704,7905,7536
3706
3710
8424,3711
4682,3715,7303
3738
3740
3755,8503
7722,5099,3756
3761,8882,8003,4227
3763
7490,7371,8207,6004,3765
3768,4074
3775
3776
3778
3780
3791
3792
3793,6166
3795
3798,6406
8690,3803
3812
4456,6481,7756,3814
3818
6208,5346,5766,7147,3821,6672,5776,3991,7384,5434,6174,7263
5792,4058,6012,3824
5156,8166,3826,7063,5466
4504,3828
3831
3834
3840
3843
3853
7713,3857,8399
3865
3871
3872
3884
6844,6536,3886,4508,3935
3894
8452,8746,5964,6349,7407,4501,4952,3897
3904
3908
3911
3913
3916
3917
6936,7826,3920
3925
3927
3936
3939
3944
3947
3952
3953
3958
3964
3973
3974
3976,5505,5209
5850,3979,5788,5917
4691,3982
3984
3989
3992
8992,3997,7366
4000,8325,6286,8306,7314,7707
4011
4014
5506,6188,4016,5754,8347
4019
4023
4459,4027
4030
4036
4041,7091,4685,5909
4042
4044
4046
6604,4054
4060
4067
7893,4070
4081
4082
4818,4085
4092
4094
4097
4099
8626,4101
7819,6692,4108,7806
4348,4111
4112
5881,4114
4115
4117
4118
7408,4122,5699
4127
4129
4134
6711,4135
4137
4141
4143
7473,4145
4146
4148
4153
4160
4163
4165
4167
7608,4169,7318,6855
4170
4172
4173
4177
4181
4182
4183
4187
4193
4195
7084,4198
5220,4199
4213
4219
4221
4222
4223
4224
4225
4230
4234
4236
4243
4251
4253
4257
4259
4528,4262
4264
4267
4271
4273
4275
4277
4279
4283
4285,4965
4287
4290
4292
4298,8723
4299
4302
8775,7695,4303,7570,5114
4307
4310
8314,4311
4316
4327
7296,4329,5152
4333
4335
4338
4344,8918
4346
4352
8001,4658,4359,7322
4360
4367
8997,5062,7016,5321,7117,4369,4991
4376
5512,4377
4382
4383
4384
4386
4388
4392,8601
7424,8154,4395
4396
4406
4407
4410
5498,4414
4415
4416
6170,4421,6911
4424
4427
4428
4434
4436
4437
4439
4440
4444
4445
4453
4463
4464,6191
4466
4472
4474
4478
4485
4488
4492
4497
4498
4500
4505
4510
4517,7398
4520
4534
4542
4548
4552
4553
4558
4563
4565
4569
4570
4575
4579
4581
4585
4588
4597
4599
4602
6258,8182,4607
4610
4624
4625
4627
8832,5744,4630,7616
8956,8581,4631
4635
8164,5990,8268,8277,7126,4636
4637
4639
4645
4648,6211
4653
4657
4661
4663
4669
4670
4673
4674
4676
4693
4694
4696
4698
4703
4704,6785,6118,5804,5848
4706
4708
7852,4709
4710
4713,5265
4718
4720
4722,7517,7295
7545,7531,5550,6809,4729
4732
4733
4741
4742
4744
4747,7075
8429,4752,5680,6231,7834
4758
4764
4766
4770
4772
4776
4777
4783
4786
4791
4797
4800
4809
4812
4813
4824
4831
4834
4836
6344,4844
5509,4846,6295
4849
4851
7936,6723,8101,4855
4861
4864
4872
4873
4877
4878
4880
7841,8617,9005,4889,7293
4895
4896
4898
4902
4904,5672,6990
4905
4915
4921
4922
4925
4926
4927
4932
4936,8839
6074,4939
4954
5122,4956
7218,4958
4959
4961,7868
4970,5571,6213,5438
4979
4980
4982
4983
4984,8213,5559
4986
4989
5627,4990
4992
4994
5002
5005
5016,7530
8899,8368,6323,8660,5020
5022
5023
5024
5026
5030
5032,8036,8772,5839
5034
5040
5046,7055
5047
8710,7239,5356,5051,8830
7379,5053,7510
5057
5063
7720,5065,5292,7406,6845
5066
5070
5072
5074
5075
5078
5082
5091,8462
5097
5100
5102
5103
5107
5112
5115
5117
5119
5123
5125
5131
5132
5139
5142
5147
5155
5158
5159
5163
5164
5171
5174
5181
5185
5188
5654,5191
5202
5204
8928,8833,5216,8267,8151
5217
5221
5223
5288,5869,5229
5232
5238
5241,6068
7633,5245
5246
5257
5258
5260
5264
5267
5269
5270
5271
5273
5276
5280
5282
5287
5293
5299
5303
5308
5313
5322
5323
5328
5332
5335
8210,5342
5344
5347
5350
5353
5355
6403,6051,5358,7967
5364
5365
5377
5381
5382
5385,8874,6011,8751
5386
5387
5391
5392
5395
5708,5404
5406
5407
5408
5410,6044,8287
5417
5426
5428
5429
5432,6289
5436
8321,5437
5785,8650,5439
7824,5441,7890
5443
5449,8290
5452
5454
5455
5457
5459
5460
5464
5470
5471
5473
5477
5478
5480,6712
5482,7765
5484
5486
5487
5493
8283,5502
5508
5516
5521
5529
5530
5535
5536
5541
5941,5543
5545
5546,6303
5549
5553
5554
5562
5563
5566
5575
5577,7164
5578
5580
5582
5583
5584
5587
5588
5592,8702
5593,7553
5594
5595
5605
5612
5613
5616
5619
5624
6835,5628
5633
5637
5638
5646
6179,7565,5647
5649
5650
5658
5660
5665
8841,5667,6563
5668
5671
5675
5683
5685
5686
5688
5690
5693
5694
5698
5704
5705
5710
5713
5715
6912,5716,7373
5718
5719
5720
5722
5725
5731
5736,6558
5739
5740,8564
5748,8796,7391
6248,6941,5750
5759
5760
5768
5770
5773
7706,7628,5781
5786
5790
5794
5797
5799
5802
5809
5817
8081,5819
5820
8713,5823
5827
5831
8824,5834,8098
5840
5841
5852
5855
5859
5864
5865
6178,7304,5866,6028,7411
5867,5957
5868,8244
5873
5879
5887
5890
5893
5894
5897
5899,7476
5901
5905
6998,5906,6828,7350
5907,6661
8163,5911
5913
5915
5922
5924
5925
5928,7213
5932
5936
5938
5947,8142
5950
5954
5956
5959
5960
5961
5965
5967
5970
5972,7767
5973
6651,5974
5984
5989
5991
5993
5994
5995,6524
5996
5998
6008
6014
6019
6021
8195,6022
6024
6026
6029
6034
6038
6043
6045
6046
6047
6053
6057
6060
6626,6061
8165,6729,6062,7899,7805
6064
6070
6075
6079
6081
6084,6391
6085
6088
6093
6100
6105
7762,6715,6107
6111
6114
6119,6791
6124
6128
6129
6130
6131
6133
6602,6139,8396,8511
6141
6142
6149
6152
6153
6154
6157
6160
6163
6165
6168
6169
8976,6172,8901
6176
6184
6187
6190
6200
6205
6206
6216
6217
6221
6225
6228
6232
6233
6238
6243
6245
6249
6250,6629
6251
6252
6254
6259
6260
6262
6267
6270
6275
6278
6279
6280
6281
6282
6283
6284,8198
6292
6293
6296
6298
6310
6311
6313
6316
6319
6324
6328,7400
6330
6334
6340
6341
6346
6355,6347
6351
6352
6354
6356
6359
7960,6365
6367
6369
6372
6375
6376
6379
6385
6396
6398
6405
6407
6409
6411
6416
6418
6421
6423
6424
6426
7769,6428
6431
6432
6433
6434,6917
6437
6445,8671
6446
6447
6450
8033,6458
6461
6462
6464
6465
6840,6466
6467
6474
6483
6486
6490,7042
6491
6496
6498
6503
6507
6508
6511
6516
6518
6522
6528
6531
6533
6534
6535
6538
6539
6544,6913,7831
6545
6556
6561
7331,6566
6568,8205
6570,8653
6572
8227,7892,6575
6577
6578,6676
6579
6589
6592
6594
6597
6599
6603
6607
6610
6612
6614
6617
6619
6621
6623
6624
6633
6635
6636
8496,8449,6638,8494
6639
6640
6641
6642
6643
6649
6650
6653
8712,7992,6658
6664
6667
6668
6674
6675
6680,7133
6681
6682
6683
6691
6695
6698
6699
6702
6704
6708
6709
6710
6713
6720
6721
6731
6732
6735
6736
6739
6744
6745,8875,8510
6747
6749
6750
6752
6757
6760
6761
6764
8362,6765
6767
6768
6769
6771
6774
6777
6780
6782
6786
6788
6790
6793
6796
6798
6803
6805
6808
6811
6815
6817
6818
6826
6831
6833
6836
6837
6839
6841
6848
6850
6851
6852
6853
6854
6859
6860,7511,8215
6862
6873
6874
6882
6885
6887
6893
6894
6896
6899
6901
6904
6905
6906
8133,6907,7717
6916
6923
6934
6944
8648,6947
6948
6955
6961
6965
6967
6970
6973
6976
6979
6982
6984
6985
6986
6992
6994
6997
7001
7002
7006
7009
7010
7014
7017
8120,7475,7020
7023
7026
7028
7889,7029
7031
7037
8046,7039
7040
7043
7044
7046
7047
7050
7057
8770,7061
7062
7065
7067
7072
7076
7080
7082
7088
7090
7092
7093
7097
7098
7100
7104
7107
7108
7111
7116
7124
7128
7134
7136
7138,8679
7140
7142
7143
7145
7151
7152
7154
7157
7159
7162
7761,7171
7175
7177,7930
7181
7183
7186
7404,7790,7190
7191
7193
7195
7197
7198
7201
7203
7205
7206
7207
7209
8296,7210
7211
7220
7223
7226
7229
7232
7236
7241
7246
7247
7251
7255
7258
7259
7260
7268
7269
7270
7273
7276
7280
7281
7282
7283
7285
7289
7292
7297
7300
7307
7309
8258,7315
7319
7323
7326
7328
7330
7334
7341
7344
7351
7353,7354,7870
7358
7360
7362
7363
7367
7370
7372
7376
7377
7378
7380
7382
7383
7386
7388
7395
7396
7397
7410
7414
7415
7419
7422
7425
7428
7433
7434
7437
7441
7447
7451
7454
7465
7467,7619
7469
7470
7477
7478
7479
7480
7481
7482
7483
7485
7487
7492
8771,7494
7495
7496
7497,8924
7499
7500
7502
7509
7518
7519
7521
7525,8307,7541,7542
7526
7809,7527
7528
7529
7540
7546
7548
7549
7551
7556
7561
7566
7568,8502
7569
7572
7579
7580
7593
7596
7598
7599
7600
7604
7609
7612
7614
7620
7623
7626
7629
7638
7641
7642
7643
7644
7646
7652
7655
7659
7664
7666
7667,8703
7668
7669
7671
7672,8178
7674
7675
7696,8722
7699
7704
7715
7718
7719
7724
7727
7728
7731
7732
7734
7736
7737,9006
7739
7740
7745
7747
8338,7748
7749
7750
7757
7764
7766
7770
7771
7772
7773
7774
7776
7777
7779
7781
7782
7783
7789
7793,8078,8774
7794
7801
7802
7803
7804
7807
7815
7817
7818
7822
7832
7833
7835
7836
7840
7846
7849
7850
7854
7858
7864
7865
7869
7871
7872
7881
7883
7891
7897
7906
7910
7913
7915
7916
7919
7923
7924
7931
7932
7933
7935
7942
7946
7947
7948
7949
7951
7954
7958
7962
7965
7969
7971
7975
7982
7986
7987
7988
7991
7994
7996
8007
8008
8012
8015
8017
8022
8024
8028
8030
8034
8037
8038
8039
8041
8043
8642,8045
8047
8048
8051
8054
8057
8061
8062
8064
8067
8068
8070
8075
8076
8077
8085
8087
8092
8095
8096
8103
8104
8105
8109
8111
8112
8116
8117
8118
8123
8127
8128
8129
8130
8132
8134
8137
8144
8148
8149
8150
8152
8153
8156
8180
8181
8183
8188
8190
8192
8194
8203
8212
8214
8217
8220
8224
8461,8231
8234
8236
8238
8240
8242
8243
8247
8251
8252
8254
8255
8259
8937,8260
8469,8262
8263
8264
8270
8271
8279
8280
8282
8288
8291
8292
8300
8305
8312
8316
8324
8327
8334
8335
8339
8340
8342
8348
8351
8355
8356
8357
8360
8364
8365
8366
8369
8370
8371
8374
8376
8380
8382
8384
8385
8386
8400
8401
8404
8405
8407
8409
8411
8413
8417
8426
8431
8432
8434
8435
8437
8438
8439
8446
8451
8453
8454
8465
8466
8868,8938,8468
8472
8474,8501
8476
8479
8483
8485
8486
8489
8492
8495
8505
8508
8512
8515
8516
8519
8520
8521
8523
8527
8532
8537
8539
8541
8542
8543
8549
8550
8551
8552
8555
8556
8561
8563
8570
8572
8579
8580
8582
8585
8588
8591
8593
8598
8599
8603
8605
8606
8607
8609
8614
8615
8618
8622
8623
8628
8629
8631
8634
8636
8637
8638
8640
8643
8651
8656
8661
8663
8667
8668
8672
8674
8677
8678
8683
8685
8692
8695
8698
8700
8701
8706
8707
8709
8714
8719
8720
8724
8727
8728
8730
8733
8735
8737
8739
8741
8743
8745
8748
8749
8750
8753
8754
8758
8759
8760
8761
8762
8764
8765
8767
8768
8773
8776
8778
8779
8780
8781
8784
8786
8787
8788
8790
8791
8792
8798
8799
8800
8801
8802
8803
8804
8805
8806
8807
8808
8810
8820
8821
8823
8825
8829
8836
8844
8846
8847
8849
8850
8851
8852
8855
8857
8865
8866
8871
8872
8877
8879
8880
8884
8885
8887
8888
8889
8893
8895
8898
8902
8908
8909
8910
8913
8915
8917
8920
8922
8923
8926
8927
8929
8930
8931
8933
8940
8941
8943
8945
8946
8947
8948
8953
8959
8963
8966
8968
8969
8970
8972
8973
8974
8975
8979
8981
8982
8983
8986
8989
8993
8994
9002
9004
9008
9010
9011
9014
