3557,5773,3647
3838,7183
2728,8099,7255
1490,8259,1399
5244,3493,2477
4521,6933,454
5369,3917,6695
6262,3795,7958
8056,7827,5893
4593,8973,7598
4767,4218,2559
6554,3229,6958
3466,2724,8565
4017,8532,1989
4368,1914,4453
5857,4806,5575
2754,2689,1778
4748,5886,1495
3728,7448,2885
2647,5854,6103
5090,7271,4703
1724,2996,2471
98,2523,2188
7563,3127,6207
1625,2053,7415
6401,5891,3077
1346,3669,6031
7696,8722,7277
7865,7578,7583
3032,2425,694
5232,5224,8478
2962,6267,5188
8667,4451,5363
5931,5275,6142
1536,4737,6898
217,8618,2644
8363,6325,8798
7409,4595,3277
2344,2602,6053
8226,5580,895
3977,3138,3227
1713,8154,8043
3713,4581,863
3721,251,7991
6049,4379,7469
7128,6968,6871
8312,6075,6549
8979,2421,447
1288,3987,7102
0,2537,2917
1435,6572,519
477,1142,8039
7649,4050,2438
2067,8513,4427
729,8397,4230
4989,5878,1543
7424,4395,3054
4204,1438,1767
6409,7116,8180
6501,1097,2221
7265,8948,4942
8360,262,951
2065,6882,2793
7201,1681,4869
4678,3314,8750
8520,1718,2687
7618,4643,4335
2914,5755,8677
6216,5516,4103
4945,8683,4707
3242,4843,1358
97,2995,3005
4425,2539,5548
5713,2603,5612
3788,4565,2973
3719,4974,8271
8515,3468,2654
4394,6228,430
5128,5129,94
7704,5856,1991
7682,7013,6079
6018,5892,2806
7481,5626,583
3898,6027,6709
6017,7268,7950
6192,3010,4925
5770,7749,8382
3776,5654,5191
424,5323,6677
4955,1852,869
4350,2773,5318
4026,2436,1215
3801,3413,4654
2820,7910,3117,6896,6997,8252,5566
1455,6130,1461,6887
5347,2031
4440,8
3864,8926
8354,8404
8813,2789
6842,8685
5616,4150
4508,3935
5280,5419
6536,1452
3321,8822
4475,2965
7259,6615
7432,5719
1952,1811,1955,2731
8402,5779
6673,3671
1973,4215
2683,6548
2457,5843
2316,8095
5531,5532
1814,2967
8818,2957
5168,5533
3016,8411
4284,2461
4338,1271,7495
3925,4741
7720,779,5693
1793,7493,6813
7553,6124,5593
1937,5597,6326
6091,8084,6111
8656,5017,8934
3816,6113,1227
7217,2164,1126
4613,540,6148
8440,6003,14
7681,5068,2212
4760,6930,8030
7179,1332,5700
3792,5884,5292
4282,6290,6567
3521,5793,2502
7552,595,5447
5065,6845,7406
3120,8328,1797
6426,8579
8026,22
4352,8302
4877,4911
7626,3285
2194,3731
5096,1186,1246
1781,1827,1757
1248,3420,1823
292,2567,5095
2328,1694,30
8032,387,4078
1017,4900,734
34,2293,295
1824,37,1693
2814,5155,8549,4630
8832,2765,6837
4898,3642,42
7616,3459,5744
3337,7999,6727
4234,4927
5970,8974
8931,6916,7470
2409,4482,5753
3280,6934,1199
3335,3654,8383
3600,7929,7575
912,7691,3448
6050,2300,7966
2873,3955,7486
8720,8321,1575
6970,1699,3675
5256,1701,8655
8457,4788,4324
7685,2845,5742
6163,619,4469
7353,7354,7870
8002,4406,1302
7512,1898,7558
6152,4249,5336
3433,426,7956
3753,7341,8831
8747,6043,7919
7952,6587,3165
4716,6046,2767
2129,5915,7555
1944,2786,6237
2298,5675,8204
6657,8334,6039
2137,7299,3846
3545,5212,1911
6915,1501,5471
3797,7922,5437
5618,4363,4116
4125,7941,3910
7521,5236,2769
7170,7132,6470
5617,3844,3141
51,6307,2766
5936,6133
1970,6012
2128,3593,7398
8149,7205,7446
5163,1683,2229
6712,3778,6823
2288,8825,1348
7074,5557,2934
2472,8004,1558
7867,2132,8239
8189,4181,8174
1353,8243,7407
5632,4529,8895
5404,1709,4871
7536,4892,7349
8464,7657,2045
5513,6715,5975
1977,6035,5918
3688,3573,8325
8568,6226,3883
7161,5655,4543
1469,3365,1439
1610,7051,7078
2929,8194,2927
4457,7772,4817
7464,4667,3477
4618,8891,3358
5009,2364,6646
8849,6097,8789
1476,8309,6870
8809,4946,7690
8424,1980,5943
8280,8297,7364
7937,3644,3711
3312,3890,7917
7450,8556,4726
6464,7314,3464
5152,4329,5324
3656,6305,133
2561,1516,4046
8688,6244,8447
6225,2868,5013
6560,7101,5158
4680,6928,8779
7338,7587,1836
6739,7838,2127
8912,8161,998
4138,2173,7902
344,5482,7765
7532,7829,7566
6833,6220,7799
58,6468,4438
4112,1080,4327
3578,6146,4133
6944,5289,6717
4000,4561,7707
6394,3666,3942
7600,1443,5116
6640,7928,1531
1160,4522,206
7528,7297,2745
2024,585,6878
1961,4437,5630
7024,8348,3501
7218,6901,4958
7712,7220,3357
5792,4058,3824
3780,3621,5071
3224,6738,2771
417,6514,6701
3292,1742,2039
1740,1741,2783
5408,2162,195,782
5080,3734,63
2125,7518
74,4932
8764,4367
81,6777
7002,1957
99,7918,1042,3827,6334
3305,8310,3510
499,7677,2518
5064,6895,4221,1727
3480,8544,2512
4251,117,8526
7992,2226,8038
6176,7809,7527
8392,6858,5339
6198,8130,8126
8324,1381,150
689,1365,5829
1411,2525,1831
8712,6658,2710
4299,1374,1687
953,8692,1686
954,2629,5263
2630,2462,5423
2571,4853,495
128,7629,5166,2680,5500
3594,4837,2495
2882,8011,6367
4867,3526,7127
3888,1331,8096
6699,6238,7703
6815,5817,6873,135
5898,5334,7983
6520,7026,4868
7961,8794,5849
8784,1596,7846
8792,7549,4815
8736,5220,6215
3498,2858,7796
140,7978,3820
4841,8345,8441
993,5242,7668
8050,5877,7550
2296,6340,5253
888,8920,1662,5375
9000,8178,144
4713,5265,8996
7064,1467,7732
156,7758
5760,4163,902,2286,2803
5377,6020,8719
4632,4117,6982
4616,5297,6141
8706,8915,5022
6575,5924,3639
7866,8370,5706
8033,5530,6458
3825,4763,868
3530,7517,6919
3832,6562,7251
6424,7652,5678
7523,1117,8141
2976,6032,7295
8564,547,5740
4192,160,2407
6456,6665,5111
8580,2023
4386,165
8003,4227
5683,5989
3761,6862
8882,1998
6681,2714
8992,1361,962,8037
4346,1391
169,7662
7717,6381,3406
7257,3474,3329
2265,380,8367
8592,8448,2482
2169,8977,2612
7232,2454,2342
635,5356,3421
7688,4913,3123
7032,5639,8167
2331,4373,1774
2016,7011,8341
3162,4483,1173
864,6907,7709
7752,6313,6137
6771,8444,8133
8001,8054,175
5051,8830,7535
5765,5046,7055
3004,6196,8710
8576,3378,2467
3450,6308,8829
640,2105,3836
3068,8222,7423
8842,643,1434
4658,7322,4359
6570,4172,8653
8203,3461,7839
2240,4091,3523
6736,4947,8998
6129,1940,7239
6194,4515,5420
7508,5853,438
6387,3684,6605
7315,181
1601,1854
8258,4011
8542,6994,3270
7642,8022
8247,3367
5887,6831
8230,4014
8929,7258
5994,4639
3609,6459
184,7193
1984,3843
8836,7062
7154,5510
3160,7757
7009,7759
1554,2614
1818,515
8466,1925
3484,1118
2953,2156
6621,6854
6661,8551,5907,5459,4343
7081,3934,7993
3840,7452,4071
8500,190,3751
5841,1682,8724
6642,8803,6498
7858,8343
3196,199
6689,3283,4935
8121,2011
392,2756,2205
1377,7539,549
1545,981,862
265,1918,502
2920,828,510
3607,1829,3183
4318,3102,1959
241,218,2087
2841,1958,1671
3608,2459,5310
1834,6005,927
2104,2645,8965
977,2019,1235
355,5653,3237
743,212,5767
1584,2236,1655
2248,1679,3207
3402,1565,3186
1587,7876,3861
2069,4890,6309
4225,2582,3455
3928,2778,2418
4210,7996,3023
4503,3106,247
1380,3182,5007
475,852,6551
2842,372,2116
2834,5234,3158
978,2812,6726
4402,4356,8471
4523,1629,2238
3452,2923,5308
2971,2669,2670
5217,850,3142
8000,6235,2262
937,3099,1932
2864,1588,1240
1571,956,2235
4906,738,3964
5081,4891,7100
1296,4449,7675
2617,1108,5703
948,1542,2735
3131,1853,7006
1504,4514,1847
834,2219,1317
8188,445,1614
7736,2354,1503
4545,5074,379
2385,6084,6391
859,2823,2751
408,8714,7965
214,1030
4216,6447
2738,8339
1936,7750
5584,4764
3105,3185
3878,565,5238
2233,6931
6181,8574,8527
2158,8596,222
7069,1750,8783
2077,5502,7215
1403,8067,5164
4320,1586,4740
7745,8283,8071
6669,1850,4461
8129,6134,1566
1921,4597,1717,1933
227,1934,2759
1929,7659,1801,7931
5579,2758,6431
231,1524,1519
2338,2372,1576,366,853
1676,1548,2919
848,2585,3279
376,5481,2371
1025,2237,2118
2218,2251,235
1155,1564,2679
3760,370,2827
2225,2109,871
929,1674,6436
5008,858,3565
706,6874,740
3108,3382,3383
2666,2107,3022
360,2978,2083
7592,3933,7447
593,1052,3222
6641,236,8591
3896,3115,1038
1692,3126,2327
6610,5802,3834
5424,1579,3931
1219,6184,553,237,7122
7784,2809,3724
8848,4516,4623
2972,4277
7001,7382
4187,243,2437
7777,8570,4590
8057,2478,825
5983,5174,1863
7906,8316,5198
3705,3748,3180
1888,5541,894
2089,2043,358
471,7474,6535
4648,6211
8169,4391
6625,4578,572
5091,1525,8462
1917,244,4973
5921,7362,3716,254
6416,5761,1657
2946,6396,2373
6923,7766
4873,258
5075,6359
3673,3395,1821,8519
6649,8153,8909
6040,2474,6399
8305,874,7609
6635,4124,2044
4572,6533,4087
2210,3269,3519
5376,2980,5894
7840,267,2084
2520,8234,846
6251,5812,8477
5640,5426,844
1568,4321,7891
6890,3187,1447
1616,3577,1140
2082,8195,6022
748,3662,3007
4267,4531,4086
2921,5668,4393
1373,3454,3791
4605,1994,3299,5573
6786,491,4006
4539,1965,507
4996,4229,8758
2780,2123,5996
273,5586,271
788,685,4606
490,4339,7380
5089,899,6341
7240,4076,5950
737,2108,503
280,7326,4264
6793,8405
872,300,6384,3284,2041
5208,3785,2042
5402,284,5207
3856,2553,4588
3072,873,303
2557,2671,695
3539,3020,5239
3025,4827,2124
1274,2844,1262
5088,289,4322
857,2106,1581
2659,2742,1015
2642,845,4326
469,836,509
2918,6310,1919
4570,3355,3739
1466,7515,4998
473,955,5100
2825,1691,2255
3566,3550,3783
3397,3253,1278
6592,1050,2490
1721,3090,4077
644,2862,9015
1105,6221,3348,4213
4836,7982,3927
2905,7108,6639
1784,3531,7595
2828,4550,294
1825,5269,5271
736,297,1022
305,1689
443,4684
441,3075
712,3175
7577,3516
2672,2691
6338,308,7325
4059,5141
7946,4647
8968,6067
8242,4599
1968,5603
5840,8595,5967
3064,6885
6380,8701,5535
6768,2434,4143
8873,8379,311
7554,5764,5677
2848,7221,2992,8637
314,4135
5425,6711
320,1830,935,3411,4694
5810,6909
7882,2429
6390,7150
4828,2350
4656,1078
8897,4331
6834,8715
4304,3884
3441,4631
7488,6733
3704,7905
7573,7663
5708,4070
3876,4157
7033,325
1535,8847
7634,8042
8419,3702
7660,3140
7689,2493
3665,3371
8872,6542
1356,2693
6109,8381,2503
4705,7733,6518
472,363,2062
368,7417,3456,5087
881,1677,367
2088,2203,365
817,697
5847,3199
4720,4170,860
3021,6389,646
1065,1860,3909
3184,814,5583
3204,5780,374
5273,4978,1436
4669,6446
4698,7930
5120,7477,5382
7776,7853,382
2940,2292,6766
3984,6516,7270
4579,6461,5694
8651,2997,397
395,1885,838
8064,398,5965,8902
400,5486,2733,5070
8368,8899,5020
2273,3443
965,1598
6299,404
6609,3051
5123,5628
7291,5581
7859,452
4420,8709
5542,5735
5473,412,1791
4552,4246
7253,4477
8497,5246
8824,5834
8743,7311
8197,4886
7822,3775
8098,1134
3978,8291
6008,4183
2366,5959
5578,6805
5476,3727
2313,8357,2983
7023,8103
7017,6820
8041,434
465,4563,5519
4880,8983
3657,2922,2570,4976,1237
3238,841,466,4188,2750
7037,5647
7319,479
6179,7565
8550,8190
5322,6405
4661,4167
2500,5797,3039
7139,4813,2799
8409,2355,1093
8745,7098,6556
6233,6675,1324
4777,8417,3894
721,1115,8479
6841,8707,5724
7280,7283,7519
3960,489,4851
3209,7620,4812
1281,5403,6335
7236,3438,1759
5961,3418,8851
5034,5980,8559
5361,7396,3415
7644,6757,6366
3360,7169,8970
4160,2787,6263
6721,3313,8134
4241,1722,2999
2384,5354,483
940,492
4688,5453
4875,7019
5730,3708
532,2589
1144,496
5852,5148
504,4665,1320,1326
4208,512,2782,3663
5011,3462,4223
8932,1606
8265,513
3154,3427
7307,790
2794,8155
1882,6844,3886
524,2359
8124,5301
8128,6566
529,5955
5920,4670,8319
7030,909,7534
6117,5629
8322,8573
7096,3273
7379,3535
3892,6180
8201,7390
8793,7443
5642,4323
6500,7837
8907,6926
2283,5149
5398,535
8993,6619
8804,6789
2186,2303
6048,5622
2433,6098
5136,4510
3585,1146
5053,7510
6760,5830
2363,3564
1074,5151
4771,4196
6633,4397
7080,6617,8786
2120,5329,7719
4139,543,2351
5938,2071
987,559
6116,1733,6474,8278,8950
1696,7468,6269
569,2386,8139
1150,7454,1191
4357,6827,7093
3192,5474,6880
8016,6954,3287
3736,3026,6583
6160,4371,612,4317
5971,2061
4739,589
5016,6454,591
8472,7530,829
1769,3782,4121
2811,4653,4598
1688,842,1935
8768,2402,8627
5635,750,599
8249,8364,4414
3504,7803,7272
6120,1450,6443
5865,7337,8422
3223,8431,630,8711
7288,7924,4212,2623
6602,8396,8511
7089,5214,8903
5024,3003,6139
632,8107,5644
7872,7107,4019,3738,4797
3552,3472,1298,3317,1242
3393,645,2318,1264,2491
6651,6940,5791
4306,8826
5468,6797
6345,5974
3874,6670
3362,4966
7489,5733
3681,4189
3561,7581
6540,8628
649,4245
6024,1967,6511
653,6647
1037,3069,7298
6265,7540,6457
8808,7770
7419,6965
6821,670
8224,5638
1705,8415
5570,5130
5435,4582
5448,6637
5883,8975
7192,7343
1893,9013
2113,4275
8893,5543
7897,5941
7123,990
7266,1357
1110,2959
8590,5335
6620,3567
675,8911
2302,4782
6102,7087
3628,8563,3989,3993,7807
1202,8254,6287
8728,4144,5788
7034,1795,5134
3659,8972,7700
1233,7794,1631
7976,3939,8373
7320,8435,8284
7393,1285,4429
8852,2397,6607
3081,4795,4030
7509,6550,6631
3568,1157,4919
1170,8442,8332
7713,3857,8399
6201,3901,5807
8547,2314,1459
8971,3979,5917
6848,7622,8335
8049,698,5601
5850,5406,3479
2748,3541
8962,701
4786,5295
8474,5479
8501,8374
8138,1427
7835,3308
732,1820,3759
6249,7050,6659
6729,7899,5790
3122,6062,6407
8008,7805,8165
3882,2587,4283
704,1019,1028
7771,8212
2048,709
1840,2916
8905,8446,7031
7786,8933,8303
8904,3637,7783
5913,5195,6479
1147,7172,1909
4524,7774,6942
3950,715,6374
1152,745,6788
6080,5521,3710
3346,5445,8525
8548,2052,7237
761,6702
2524,8862
2761,459
6872,4652
3112,763,8678
6948,3686,8311
5332,4589
1305,3315,6167
6088,768,2660
5772,7412,4622
3865,786,3303
6522,5043,6662
8380,7300,5030
4410,7949,799
8369,3793,4444
5794,3973,2702
725,3958
802,7947
4003,6491,7189
7915,804
1772,1223
5050,7724
5258,8850,4062,807
8776,6065,8668
4600,6105,3100
6946,3252,8342
810,812,1294
8152,2153,8735
818,5868,8244
8062,7718
2866,5722
4994,7198,830,6623
8523,6462
1592,5142
7842,6303
7348,8607
7233,6121
7819,6692
1068,4542
1384,6929
3586,2578
2856,6392
3629,3430
4108,1229
8761,1623
6764,6398
6769,4436
7740,7806
832,893
1595,3772
3626,7276
5313,7885
1334,855
6274,6803,6015
6275,1231
916,4036
7459,3135
8443,7973
5392,2451
5745,6685
8856,7140
5204,8647
7596,918
5709,8575
920,4558
1747,4285
4689,7955
4965,8982
6648,4617,923
8800,4664
2000,5750
5539,4756
5147,2950
5606,7927
8146,2485
4434,2431
3179,4949
8584,7114
1832,3178,5101,6538
1833,932,7871
6224,6750,7502
4809,6676
7052,8127
938,5367
7887,2147,5607
1665,946,1964
2122,1323,1325
4995,3301,7053
6081,274
5562,3261
6252,8148,3542
5529,2555,4302
2626,2588,8703
4826,2554,2499
7667,2269,958
7755,6980,959
7908,8175
5037,1511
6001,1685
5312,5946
7904,7813
8554,7058
3808,5186
8388,3028
7296,8086
7305,2475
8817,3085
4808,5325
8068,7925
5226,8916
4641,1526
5947,8142
7504,6663
5281,4959
5193,4766
4248,3889
8838,3439
8619,7420
3858,2387
3129,4354
6802,5862
5093,8079
6864,7892
1408,7471
7059,4381
8330,3342
8587,8854
7648,7346
970,8875
6745,8510
3634,7821
2968,7589
4601,2901
7635,3911
6616,8355
8393,1630
3771,2615
8778,3109
8394,8621
1878,8085,8454,2655
8434,8386,5643
5776,974,5078
8880,4733,7294
2875,3188,8534
6434,6917,2334
3810,6276,7606
4333,8695
4650,983
1843,7548
2667,6614,1311
8384,2889,1003
7216,5553,6972
1376,7260,2223
5458,4819,3615,4431
6240,6425,6089
1329,4847,3551
5401,6515,6687
8827,6966,5935
5001,4805,3678
1059,4532,8245
3744,8294,5431
6920,4185,3968
5450,8060,7141
5778,1011,2508
8649,7243,3630
3908,1493,7878
8257,6284,8198
6776,6317,4943
5442,4341,8967
6217,2058,5902
5049,5986,5671
8458,8083,4205
5107,7500
6169,7526
1040,6591
3286,4591
1405,7767
8914,8700
6857,8773
6526,7686
8156,6183
5972,6742
8865,4499
2208,5060
5984,1058,6029,1849,637
7082,8650,7395
7336,5785,5439
3266,1067,7599
2639,4497,2716,1120,8289,7590,4718,1072,6588
4896,1076,7646,6735
5867,5957,7815
8945,7330
4744,4044
1370,4823
2850,1084
1088,6545
7569,7095
1561,4074
6260,7039
7040,7619
7467,1300
1089,7572
4780,6894
5255,4839
7579,8172
5624,7455
8051,7623
7403,1101
3050,3524,5262
5066,7611
7889,7029
4610,8423
8389,1143
3233,4106
4364,8879
2307,1167
6906,8663
6578,7159
4706,8366
3553,2732
7989,5223
8106,5117
7203,6876
4040,4814
1184,4141,8143
7097,2867,4084
7632,4191,6007
6817,5102,4625,8887,4635
7057,1188,8263
2514,1796,4926
7104,1194,7152
5381,5998
2121,1307
8376,2694,5023
3904,7693,4480
3400,2294,1198
5380,2941,3574
4009,1205,7607
8210,7875,6795
4473,7988,4175
3475,8588,5342
8752,1221,4199
5825,8116
8028,6286
1210,4701,1414
6724,1429,4903
6222,7458,8726
3936,8844,2829,7439,8593,6100
1212,4293
3331,3423
3842,6559
3041,4895
6144,1889
2822,5415
7065,1154,8150,1798
5712,2757,1887
1216,8521,1716
3592,7651
5696,8986
1225,7762
5756,2573
2161,3257
7400,1234,7211,2543
6800,2855
5518,6951
2488,1786,2699
1738,1250
5648,5366
8499,2740,6045
5490,8390
5739,1254
4312,8439
2883,6892
5660,1422
7597,7942
1518,3239
2272,8318
1266,5181,4506
3698,8539
3916,6421
8953,7194
5554,3700
4024,6986
1755,1277
5784,4052
4905,1284
7494,8639
7890,4413
5441,1770
4224,7824
5489,7725
7781,7079
2090,8470
4811,6708,5933
4627,7083,7286
4602,1286,8159
1338,8403,4439
8704,2178,1339
8232,1314
8717,2646
4384,4738,3860
2227,6725,1567
3947,8883
3214,2463
7901,6085
5241,6068
8553,1341
8217,5061
8659,5775
5627,4990,6379
6280,7370
1368,4939
6074,5879
4961,7868
7273,4054
6250,1387,6629
7457,1481
1473,8881
8896,1463
7321,5978
7497,8924
5512,4377
4553,8301,5670
6728,6114,8886
624,4852,5112
3401,5522,1474
1640,3281,7231
5055,2517,1487
1484,2276,5230
6203,4963,8070
5880,1873,7071
4403,5215,4983
1498,8535
5457,1514,6165
753,7323,6205
7728,5428,8118
7451,4165
3193,1807
6624,1521
5649,8077
6952,1529
6577,7378,1538,6298
2661,7143,1550,2575,5391
2833,7475
2706,4255
3998,5766
3821,6471
5434,6477
4984,5559
8213,3991
6208,5358
7753,2775
6289,3212
5352,6322
3923,7357
6634,5183
8163,5911
5346,4498
1562,4551
4992,7113
9005,8815
7301,7903
8802,7331
6403,7967
3001,6291
7384,7665
7147,7263
8633,6756
8120,7020
6672,6174
7084,4198
5432,7363
8617,8066
3384,8123
5552,6497
7848,6051
5052,68
4889,7293
7841,1569
7544,8053
2860,3503
6922,7726
3225,6606
2964,5436,5837,5831
2747,1604,4957
1608,4585,6594,2606
3339,6790
6433,4039
1946,8483
6528,1612
7168,8179
6772,8622
2824,8453
7072,1945
1649,1642,6603,3692
8753,3226,3294
6200,3374,3143
6985,1643,6187,7669,6486
8927,6149,8183
7561,8634,5286
6706,8323,5702
3035,4173,3254
8352,2320,7061
3356,5132,5527
2177,2290,3619
8756,3974,3272,8906,1646
8770,4803,5811,1653,604
1660,4148
3763,3164
2377,6452,5493
1664,4592
8801,1706,8255
7289,5299,6278
1719,6118,8855
6785,8807
4704,5804
5848,8790
5633,1730,3218
5082,6723,6259
5594,5477,8101
6153,2989,4855
8777,3298,2727
1744,7028,3340
1752,3338,7437
6643,7916,4831
6019,6534,2399
3219,4525,7167
1776,7312,2911
6232,1789,6893
8426,3042,8191
7369,3538,2375
1136,3812,7292
7881,8658
8969,1805
7181,1806
6122,3611
7472,8946,1838
6782,7935
1857,7862
4094,2279
4097,8866,6245
5498,3037,5031
6496,8771,1868
6584,7812,6903
8697,4257,1869
3528,4399,7479
4732,3740,8823
6376,7869
4113,7845
4824,1874
3826,5715,8306
6292,8166
7138,8679
5466,5156
6877,7831
4729,1891
6544,6913
6162,8223
5417,1923,1163
3201,1900
2608,6206
6330,5901,4020,7397
8185,1941
6472,5537
8137,6190,8631
2705,2532,3325
7120,8604,1950
1960,5507,4534
8035,4999
6713,8889
3048,1972
4783,2347,5063
5139,2007
2008,3145,7414
3169,2012,2550
5282,8465,2034,7612,3103
8236,8276
4365,7743
8741,2046
4930,6759
5121,2051,4560,7282,795
8642,5454
6904,8045
2056,8460
2242,3491,6973
7674,2339,6654
2897,5809,2074
7130,2078
6363,6140
6936,5276,7375
3920,7537,7826
6589,6967
6168,2014
2080,6853
5925,2247,2094,8763,8958
4418,7482,8645,5805
4082,3554
2894,2110
8087,5487
2002,8898
6440,2111
7672,4834,8762
8652,8806,2135
4802,7274,6362
2145,5890,8557,7246,2877
4915,2167
8552,6682
3264,5707
5393,8202
6979,2190
7490,7371
3059,3765
8207,7655
6004,7933
7016,8997,3245
5321,4991
2196,7893
5545,5062
4041,7091
4369,5909
6490,7042
6683,2199
5353,2595
2977,2206,6773,3302
2274,8019,6302
5685,6839
2216,8508
4219,4445,8279
4864,8132,2222
8888,5365,2878
7046,3831
2688,5716
2241,5563
4448,1619
6912,7373
3176,5588
2252,2254
5658,8765
6741,2278
3097,6282,2309
2323,8015,5287
7971,2813
1816,7044
2324,2326
1986,8877,9014,7151
5736,6467,6558
8602,3853,3582
2362,2460,2895
6328,2762,8492
5257,2378,4637
7856,2381
4968,4332
6242,7340
5305,8708
8009,7125
4081,7954
4969,4972
3091,6070
4259,2412
5125,5350
4696,6393,8846
2600,4967
4770,2422
2674,5303
2444,2180
8810,3166
6073,2583
3625,6836
1394,3718,2837,2445
2284,8081,2449,2744,5819
8270,4127
2352,108
2465,3597
3944,2505,4520
5429,2510,6655
3507,8007
7664,8543
2528,4710
7425,2530,2038
6119,6791
6243,6508,2535
2696,6730,2541
1787,8487
4146,7358,4878
7264,7134
7529,7818,5386
8451,7748,7779
3953,3419,7979
7855,7142,7727
2722,6867,8338
6680,6585,3234
2546,6732,7133
5820,556,6077,7431
3352,2547,8485,6983
3520,8372
7602,1589
6953,2558
8569,6731,6385,4758
2568,5249,3722,3473
7047,2906,2591
4258,4556
7021,8286
3379,2604,6487
2610,2563,8365
6818,2909
1905,5665
7850,8181
4979,6372
3146,7043,4922,3581
4537,8681,3398
5504,8052,7816
2624,3174,7710
8092,3247
8282,4415
8240,8843
3217,2631
8987,7754,2635
4724,7556
5372,5495
8400,4569,2664
8760,2675,8821
2692,4860,4118
3992,4609,6126
2184,7355,3190
8456,5018,3604
8264,3667,5368
5328,8834,2711,6749,5582
7832,8857,1762,6859
7360,8530
2723,1668
4747,7213
7075,2796
5928,8572
8716,5718
8489,3489
5387,2804,4717
668,3651,5508
3632,8749
2816,9004
317,8407
3650,4236
5973,3263
2818,8861
4938,2830
4485,3095
6161,7894
8737,6107,4295
8452,6349
4089,3172,4478
7761,5330,4495
7984,8746,8885
5610,8781,7951
4401,7171,8111
6296,5098,5964
7418,4501,2831
4952,3897,4104
5592,8894,2870
5397,8661,5815
7073,4604,6830
4596,6236,4790
3057,8748,2879
6060,7975
8017,2891,8643
4290,5115,7854
2924,4685
6579,8495,8623
2932,5799
3589,4085
8512,4818
6432,2943
8930,4428,5621
2715,2949,5270
2956,5613,7422
7249,3850,3011
8674,7939,4022
3088,3952,8238,5344
4866,3045
3306,4861
3065,8438
3689,8908,6716
7694,3111
8075,5595,5103
5185,7187
3144,7849
3682,3171,7883,8922,7386
3202,5956,4222
3208,3649,5221
6808,4092
7944,4273
6324,8614
4624,6002
2027,1007
3216,3483
4421,4752,6911,4376,7391
8841,5667,3259
6170,6563,4292
5680,7834,6231
5748,8796,8429
4872,7593,4676,6710
3288,7923,4067
8088,7513,5650
3290,5990
8164,7126
8780,8109
4636,8277
7932,8268
4049,6450,3319
4693,3694
3370,7591
5097,6503
4466,3375
8585,4182,7177
3377,7738,5260
8755,5549,4383
6978,8115,4700
3385,8923
9008,7092
6281,762,3388
5005,4382
7706,3403,5932
7628,5781
6899,8956,6365,8581
7960,3425,4233,7351
4708,7281,3436
4474,4500
7673,1697
5546,3437
8725,8853,5991
3449,7430
8640,5561,3460,8638
5922,5452,3487
8769,3518,7441
4893,6574
7157,8606
6984,7413
5524,5460
6539,3495
3971,4079
3536,9010,7580,3570
8698,3509,7485,7383
4800,3511,4027,7511
4459,6860
6650,8215
5395,5605
3603,7367
4034,5786,7186
3617,1130,5673
6441,7962,3623
3282,4099,3533
3641,5364
6600,6507,3696,7734
3715,7063
8739,8012
4682,7303
2258,3755,8356,8503
4512,5905,3215,791
7722,5099,3756
5686,8486
4388,6166
5072,2390,5855
3768,8469,8262
7376,5443,3798,6406
8690,3803,7428
3322,4060
8227,3814
7756,5470
4456,6481
5993,3818,4463
4504,7994,3828,526
6826,3871
5449,8290
4303,8775
3881,6963
5114,7695
7570,5859
9011,5759
6627,4023
7206,3913,7462,4791
3970,7229
4615,6135
5609,4722,6835
3976,5505
5720,5209
4772,2340,1513,3982,4691
6128,3997,7366,8959
7241,8371
6273,5754
2096,5002,6188
4016,5506,8347
123,5284,4037
5873,4042,8884,7492
4101,1865,9006,8626,7737
1256,6961,5864
5159,4111
5954,4348
4360,7801,5619
5881,4114,6283
5497,7731,5444
7408,4122,5699
5264,4129
3635,6311
1667,6811
8105,8629
7936,4137,4115,2404
8048,7473,3616
4145,7747,4340
8144,4169
5688,7608
7318,6855
4193,7773,3369
6411,6418,4195
6057,6851
7162,7507
4424,5026
8702,5135
7226,4243,8300
7195,2708,4253
5202,7551
4528,1251,4262
6798,5455,4279
2256,4298,8723,332
88,4307,5587,7175
8314,7546,4311
6744,8799
8913,7372
8940,8918
4344,6151
4673,5637
5768,5137,4153
4392,8601,7054
5355,4407
4416,6466,7496,622,6840,4287
8192,7117,6191,4464,7067
4488,7410
3139,4492,6254
7913,6014
6752,4548
3872,7465,6258,8182,4607
8820,4663
5897,7789
7124,7764
4674,7671
4986,5293
6604,4709,7111
5960,7852
4754,980,6612
6344,4844
4177,8910
4846,942
5509,6295
4857,5710,3540,4982
6352,4396,2580
8112,6698,8076
2619,7076,4902
4904,6905
2149,6990
5672,4921
6355,6347
7088,4909,8158
5405,350
3153,4316,8839
4936,3148
4954,6316,5698
5122,4956,6157
5571,6213,6664,4970,5438
5646,8947,4980,8759,8476
8036,8772,5032,5839,7197
5040,8117,5047
7334,6599
8505,6154,1540,8541
5119,8871
8362,6765
6483,5131,6780
5729,6568,8205,6064,5171
7699,6668,8727
8833,8267,773
5216,8928,8151
5288,7344
1176,6093
5869,5229
7480,8733
7633,5245
7090,6747,6044
6850,5410
8648,6947
1928,5267
5968,8046
4645,8287
8917,3018,6597,8751
5385,8874,6011
4657,7739
6720,5407
8705,5412,8094,6319
8516,7782,3695
5464,7207
5480,4505,6061
6626,6531
5484,7014
5731,6423
5536,8561,1734,8672
7545,8791
1635,7531
6809,5550
5577,7164,4310
5664,7433,484
5705,7434,7715
8713,8034,8555,5823
7969,6691
5725,8599
6976,5845
7304,6178
7411,678
4472,2893
5866,6028
1122,5899,7476
7209,6828,7653
3248,6998
5906,7350
6852,8805
1418,8598
7836,8694
5995,6524
1172,6653
6034,7987
4849,6021
8385,3548
8994,6038
6955,7223
6561,3470,6047
1506,6131,7636
7833,7666,8901
8976,6172
8963,7191
5057,8220
6248,6941
6354,8787,6293
6323,8660,3093
6346,7333,4517
7309,2704,6356,8730,2367
8504,8754,6371
7769,6428
8537,7010,6437
7487,6279,6667,6445,8671
8401,7802,8292
6465,6674
6636,2469,5478
7427,8989
7604,8214
8496,8494
657,6638,8449
3013,4271
6704,8966
6761,8981,7247
7864,6774
6796,8413,4134
4776,5704,2140
6992,6375,8351
7136,8432,7499
7145,7388,6270
8251,7190,8047
7404,7790
8296,7210,2102
1061,8603,7269
2299,7285,7478
7328,8024
8288,8615
5827,4742,7377,8061,8767
576,7483,7614
7541,8307,7525,7542
7568,8502
8636,8327
3296,8605,7638,6767
7641,6369,7895
8104,7793
8078,8774
7817,5690,7804,8340
876,7948
7643,8788
7986,8437,3706
1053,8461,8231
8609,8260,8937,6351,4575
8938,8868,8468
9002,3038,8582
6026,3132
8941,8943
