0,2053,3077,4103,5128,5129,7183,2065,2067,7201,8226,6192,3127,6207,3138,8259,5188,5191,6216,1097,8271,6228,7255,94,97,98,7265,7268,7271,5224,4204,7277,5232,6262,1142,8312,4218,6267,5244,4230,2188,3227,5275,3229,8360,3242,8363,2221,6325,8382,1215,5318,5323,3277,8397,217,4335,7409,3314,5363,7415,5369,251,4350,7424,6401,262,1288,6409,4368,7448,4379,8478,2344,4394,4395,7469,7481,8513,1346,8515,8520,4425,4427,1358,8532,3413,4451,6501,4453,8565,2421,1399,2425,2436,2438,3466,7563,5516,3468,6549,6554,7578,1435,1438,7583,3493,2471,424,4521,8618,5548,6572,430,7598,2477,447,7618,454,5575,5580,1490,4565,1495,8667,2523,477,7649,4581,8677,3557,2537,8683,5612,2539,4593,4595,5626,2559,1536,7682,1543,519,7696,8722,6677,5654,7704,4643,6695,2602,2603,4654,8750,6709,3647,7749,4678,583,5713,2644,3669,2647,1625,2654,4703,8798,4707,5755,2687,2689,3713,4737,3719,3721,5770,4748,5773,3728,1681,7827,4767,2724,2728,1713,1718,694,7865,1724,3776,2754,4806,3788,3795,2773,6871,3801,729,5854,5856,5857,6882,1767,2793,4843,1778,6898,8948,2806,5878,3838,5886,5891,5892,4869,5893,8973,7950,8979,6933,7958,5931,6958,7991,6968,3898,1852,4925,2885,3917,4942,4945,4955,863,2914,7013,2917,8039,869,8043,4974,8056,1914,4989,895,6017,6018,3977,6027,6031,2962,3987,2973,6049,8099,6053,4017,2995,2996,951,4026,6075,3005,7102,6079,3010,1989,1991,7116,4050,6103,7128,3032,8154,5090,3054,8180,6142
2820,8,7432,2316,6673,1811,1814,3864,5419,3117,5168,4150,8252,6997,3671,5719,4440,7259,3935,8813,8818,8822,4215,2683,4475,6536,2957,5779,6548,2965,2967,2457,5531,5532,4508,2461,5533,5280,1952,8354,1955,8095,2731,1452,1455,1973,1461,6842,4284,5566,3016,8402,5843,8404,6615,8411,8926,5347,2789,7910,6887,8685,2031,5616,6896,6130,3321
7552,7681,7553,1793,6148,1797,4741,4613,8328,779,7179,14,1937,6290,6930,8084,4760,5017,540,6813,5793,2212,6567,7720,5292,3120,7217,1332,6326,4282,6845,5693,3521,5700,7493,2502,5447,7495,5065,1227,6091,5068,3792,8656,595,3925,5593,5597,8030,6111,6113,8934,1126,3816,6124,7406,4338,6003,2164,1271,8440,5884
4352,8579,4877,8302,4911,2194,3731,3285,22,6426,8026
1248,1186,1827,292,2567,5095,5096,1757,1781,30,2328,3420,1246,1694,1823
8032,1824,34,387,4900,37,295,4078,2293,1017,1693,734
8832,7616,5155,3459,8549,6727,3337,42,5744,6837,3642,2814,7999
6657,7170,6915,3844,7685,7941,3846,6152,3335,6916,7691,8204,8457,4363,8974,3600,8720,7952,6163,4116,7956,1302,6934,5915,4125,2845,7966,1575,5675,8747,7470,51,4406,2873,6970,5437,7486,4927,8002,3141,3654,6470,3910,2129,5970,7512,2137,3675,5212,6237,3165,5471,7521,2409,1898,619,4716,3433,5742,3955,5236,4469,1911,3448,5753,8831,8321,4482,7299,7555,7558,5256,4234,8334,912,7575,1944,4249,6039,6043,6046,6050,6307,1699,1701,3753,426,7341,1199,4788,7353,7354,6587,7870,8383,2766,2767,3280,2769,8655,3797,5336,3545,7132,1501,2786,8931,4324,7919,5617,7922,5618,7929,2298,2300
5632,2561,8194,6146,3593,4618,7690,4112,1558,5655,7707,5152,7712,3621,7205,4133,5158,4138,5163,6701,8239,2045,7218,8243,7220,6712,1080,58,4667,3644,6715,6717,3656,4680,1610,585,6220,8779,2127,2128,6225,6226,3666,2132,7765,8789,4181,6738,6739,8280,7772,6244,3688,8809,8297,8309,4726,7799,8825,2173,3711,7297,133,8325,1160,8849,7314,1683,7829,3224,8348,7838,5792,6305,6823,5289,7338,1709,6833,7349,2229,2745,7867,8891,8895,3778,3780,7364,1740,1741,206,1742,8912,4817,5324,2771,6870,3292,7902,2783,6878,7398,4327,8424,4329,7917,7407,3824,2288,3312,6901,7928,6394,8447,7937,4871,6928,8464,7446,7450,5404,4892,5918,3357,3358,6944,3365,7464,3883,1836,5936,3890,2868,5943,2364,6464,6468,8004,1348,1353,4946,4437,4438,5975,344,4958,3942,7528,4457,5482,8556,7532,2927,7024,2929,6514,7536,2934,8568,6012,3464,5513,7051,7566,5009,6035,5013,3477,1439,6560,417,7074,4000,7587,1443,7078,2472,1961,4522,3501,7600,4529,1970,5557,1977,1980,7101,1469,4543,1476,4046,5071,4561,6097,8149,4058,8161,998,2024,7657,1516,8174,8688,6640,3573,6646,2039,6133,7161,3578,1531,5116,8189,5630
5408,2162,3734,5080,782,63
74,4932,2125,7518
81,6777
99,3305,7918,1042,499,3827,8310,2518,3510,7677
7809,6658,1411,8324,8712,2571,5263,150,1687,3480,2710,1686,4251,2462,6176,1831,5423,689,2226,6198,7992,953,954,8126,1727,8130,2629,2630,5829,5064,8392,6858,4299,8526,2512,1365,5339,2525,1374,8544,1381,8038,7527,495,6895,8692,117,4853,4221
128,2882,4867,3526,3594,8011,7629,7703,7127,6238,8096,4837,6699,5166,3888,1331,2680,5500,2495
4868,135,5898,7983,6873,5849,7961,5334,6520,5817,8794,6815
6340,5253,6215,140,4815,8784,8792,8345,8736,5220,7846,2858,7978,3498,3820,8050,7796,5877,7668,2296,8441,5242,1596,7549,7550
8996,9000,4713,8920,144,5265,8178,888,1662,5375
7064,1467,156,7758
5760,5377,8706,6020,902,6919,4616,6665,8719,6032,4117,4632,6424,5530,4763,5022,160,2976,6562,547,5924,5678,6575,5297,8370,3639,6456,6458,7866,4163,6982,5706,3530,8141,7251,8915,1117,7517,4192,8033,7523,868,7652,2407,5740,2286,3825,2803,8564,5111,3832,6141,7295
4386,8003,4227,5989,165,2023,1998,3761,8882,5683
962,169,4346,7662,1391
8448,3329,8710,5639,4359,8203,8977,4373,2331,7709,8222,7717,8998,2342,5420,4913,4658,3123,2612,6194,6196,3378,2105,7232,8001,7239,7752,4172,3068,3406,6736,4947,7508,7257,3162,3421,864,7011,3684,3836,4091,7535,6771,8054,7032,2169,3450,635,380,8829,8830,640,8576,643,4483,5765,3461,8842,7055,8592,3474,1940,1173,8341,2454,7322,1434,7839,4515,6308,2467,6313,6570,175,8367,2482,438,5046,5051,3004,2240,3523,8133,8653,6605,2265,5853,2016,8167,5356,6381,1774,6129,6387,6137,6907,8444,7423
8258,4011,7315,181
3843,515,8836,1925,5510,2953,1554,8466,7062,3609,1818,7193,3484,4639,8230,3367,4014,6831,8247,184,6459,1984,6854,3270,7757,7759,6994,8022,3160,7258,7642,6621,8542,1118,8929,7009,5994,2156,7154,5887
6661,5841,1682,5907,8724,5459,7452,3934,3751,8551,7081,4071,8500,4343,7993,190
6498,8803,7858,199,8343,3196
1542,1545,2069,5653,3607,3608,2582,3099,1565,3102,6689,3106,1571,549,2087,1584,1587,1588,7736,2617,2104,3131,2116,3142,5703,6726,1614,1108,2645,3158,6235,1629,5217,2669,2670,3182,3183,3186,4210,5234,1655,4225,1671,5767,3207,1679,2205,6309,3237,2219,2735,2235,2236,5308,2238,2751,5310,2756,7876,2248,3283,212,1235,2262,1240,218,2778,4318,738,743,241,6391,247,2812,4356,8965,2823,265,1296,2834,3861,8471,2841,2842,4890,4891,1829,1317,1834,4906,2864,2354,4402,1847,7996,1853,828,8000,834,4935,3402,2385,850,852,3928,859,862,7006,1377,4449,355,1380,2920,2923,2418,7539,372,6005,379,3964,3452,1918,3455,392,1932,5007,6551,4503,2971,2459,927,4514,1958,1959,937,4523,948,8121,7100,445,956,4545,6084,3023,977,978,5074,981,5081,475,2011,1503,1504,2019,502,7675,8188,510
3105,408,1030,8714,1936,3185,2738,5584,214,4216,4764,7965
8129,8067,4740,8071,6669,8527,8783,6931,8596,1750,8283,2077,7069,1566,222,4320,5502,6181,3878,5164,4461,2158,7215,1586,565,5238,6134,2233,1850,1403,8574
1921,227,4597,1717,2759,1933,1934
2758,231,1801,1929,7659,5579,1519,1524,7931
1025,1155,1674,2827,1548,1676,5008,3222,7447,2585,1052,1564,929,2338,2083,3108,6436,2978,1576,7592,2218,3760,2225,3382,3383,2107,2109,2237,706,2371,2372,2118,2251,3022,3279,848,593,853,858,6874,3933,740,871,2919,5481,2666,235,360,3565,366,370,2679,376
5802,1579,3115,236,1038,8591,5424,6641,6610,3126,2327,3896,3931,1692
1219,4516,6184,553,7784,3724,237,4623,8848,7122,2809
2437,6535,1863,5198,3705,7382,471,7001,8057,4187,2972,5983,1888,7777,7906,3748,5541,358,2089,3180,2478,4590,7474,243,4277,825,8570,2043,8316,894
6625,4578,6211,5091,4391,4648,8169,4973,8462,244,1525,1917
5761,7362,2946,3716,5921,2373,6416,1657,6396,254
4873,258
5376,8195,6533,6022,5894,5640,267,6040,4124,8477,1821,1568,7840,2082,2210,2084,5668,2980,1447,4393,2474,8234,4267,6649,5426,4531,5812,7609,3007,3519,3395,3269,8519,844,8909,3662,3791,1616,846,7891,2520,8153,3673,4572,1373,4321,2921,874,6251,6635,6890,748,8305,3187,1140,4086,4087,3577,2044,3454,6399
6786,899,4996,4229,271,273,788,4006,685,1965,8758,4539,2108,5950,6341,5573,7240,1994,2123,5586,7380,2780,737,5089,3299,490,491,4076,5996,4339,503,507,4605,4606
280,8405,4264
3072,3785,3856,3284,5207,5208,5402,284,2041,872,873,300,4588,303,6384,2553,2042
509,644,4998,2825,3090,1050,1691,3739,3355,2844,289,6310,1581,2862,3253,2742,695,9015,1721,2106,955,2490,1466,836,3397,3783,2124,3020,845,2255,3025,2642,3539,469,473,4570,4827,7515,857,3550,5239,5088,4322,2659,4326,2918,5100,4077,1262,2671,3566,1015,1274,2557,1278,1919
7108,4550,294,3531,2828,6221,7982,6639,7595,1105,3348,4213,3927,1784,2905
736,1825,1022,297
3075,712,441,4684,2672,305,1689,7577,443,3516
6338,5603,4647,7946,1968,6067,308,5141,4599,4059,7325
7554,2434,5764,5967,5840,8595,5535,6885,8873,6380,5677,6768,311,3064,8379,8701
2992,5425,6711,4135,314
320,4694,935
7689,8715,8847,7573,4631,3876,3371,3884,2350,4656,5810,6834,1078,4157,2493,2429,7488,8897,3140,325,7882,5708,6733,4304,3665,7634,4828,7905,8419,4070,8042,4331,7660,7150,7663,3441,3702,6390,3704,7033,6909,1535
4705,2693,2503,8872,363,1356,6542,2062,6109,7733,6518,472,8381
3456,2088,365,367,368,7417,2203,5087
3204,1860,646,3909,4170,3021,5780,5847,1436,860,1065,814,3184,817,4720,4978,6389,374,697,3199
5120,5382,7930,7853,6766,6446,2292,7477,4698,2940,4669,382
838,7270,395,8651,397,1885,3984,6516,6461,5694
398,5965,8902
400,8368,8899,5070,5020,5486
5123,4420,965,5581,6609,404,6299,2273,5542,5735,3051,7859,3443,7291,5628,1598
8197,5959,4552,3978,5834,5578,7822,3727,7311,6805,4886,4246,7253,4183,5246,412,5473,8098,8291,5476,8743,8824,1134,8497,1791,6008,4477,2366,3775
6820,8357,8103,2983,8041,2313,7023,434
5519,465,8983
3238,841,2922,2570,4976,466,1237,4188,2750
6179,8550,7319,479,7565,8190,5647
1281,7169,8707,6405,8970,6675,5403,8479,3360,8745,1324,2355,4661,3894,4160,6721,7236,1093,4167,5961,2384,3415,6233,3418,1115,5980,5724,7519,6757,3438,8559,7280,7283,6263,3960,3209,4241,8851,6556,5797,4777,5034,2999,6841,7098,1722,6335,7620,2500,8134,5322,4812,4813,721,8409,7644,6366,3039,1759,8417,7139,7396,2787,483,489,5354,2799,5361,3313,4851
4688,492,5453
5730,5852,4875,7019,5148,496,532,1144,3708,2589
512,4208,4665,1320,504,2782,3663
513,3427,8932,3462,1606,8265,2794,7307,3154,5011,790,8155,4223
6844,5301,1882,8124,524,3886
8128,5920,5955,6566,909,7534,529,7030,8319
3585,8322,2433,6789,8201,5642,2186,6926,5136,7443,5398,535,5149,7837,4510,6048,8993,5151,4771,6180,5629,4397,1074,3892,7096,2363,5053,5830,3273,8907,3535,6098,7379,7510,8793,6619,7390,4323,6500,6117,4196,8804,6760,6633,2283,3564,5622,1146,8573,2303
5329,7719,2120,6617,4139,543,2351
5938,987,2071,559
4357,1733,6474,8139,8016,2386,3026,8278,3287,3736,7454,1696,6880,5474,6116,1191,6954,6827,7468,7093,8950,6583,3192,569,6269,1150
4739,589,4371,5971,4317,2061
3782,1769,7530,842,4653,1688,591,1935,4598,6454,8472,4121,2811
8768,5635,599,2402,8422,6120,5865,7272,6443,8364,7337,750,1450,3504,8627,8249,7803,4414
4212,630,8711,3223,7288,2623,8431
5024,3003,8903,6602,8107,8396,5644,7089,632,6139,5214,8511
3552,3393,7872,7107,645,2318,3472,1264,1298,3317,3738,1242,2491,4797
7489,649,6345,6540,6797,6670,4306,4245,5974,6940,7581,5468,5791,4189,3681,3362,3874,5733,4966,3561,8826,6651
6265,7298,6024,1037,653,1967,6511,7540,6647,6457
5570,6821,5638,8808,1705,5130,6965,7770,7419,670,8415
2113,5448,1357,8590,8975,2959,8911,7123,6102,1110,7192,7897,6620,990,5883,7266,675,1893,4582,5543,6637,4782,7087,7343,3567,4275,9013,5941,5435,8893,2302
1795,1285,3081,2314,8971,8972,5134,3857,7700,8728,5917,5406,7713,7976,3628,4144,4919,6201,3901,8254,3659,4429,7509,8284,2397,1631,8547,3939,8049,7794,8563,7034,7807,1157,3979,8332,8335,6287,1170,8852,3989,6550,3479,7320,3993,5788,5807,1202,1459,8373,698,4795,4030,6848,7622,8399,6607,1233,5850,5601,7393,6631,3568,8435,8442
8962,5479,8138,5295,4786,1427,8501,3541,8474,2748,701
704,6659,1028,6407,8008,6729,7050,1019,2587,1820,7899,5790,732,8165,6249,3882,6062,3759,3122,4283,7805
2048,7771,709
7172,8904,8905,5195,715,6479,5913,6942,7774,8933,6374,7783,7786,4524,3950,8303,3637,1909,7031,1147,8446
1152,6080,8548,5445,7237,6788,2052,745,8525,5521,3710
8862,761,6872,2761,2524,4652,6702
3112,763,8678
768,2660,6948,3686,6088,5772,4589,4622,3315,7412,5332,6167,1305,8311
786,5043,6662,3303
3793,8369,7300,4444,4410,8380,799
5794,802,3973,3958,7947,2702
4003,804,1223,7915,1772,7189,5050,6491
8850,4062,807
6946,8776,810,812,1294,6065,3252,4600,6105,8668,3100
818,8244,8152,5868,8735
4994,2866,7718,7198,5722,830,6623
3586,7819,4108,6929,2578,5142,8607,6303,7842,6692,2856,1068,3629,7348,1592,8761,1595,3772,7740,6462,4542,832,7233,8523,1229,4436,1623,3430,1384,6121,7806,6764,6769,6392,893,6398
5313,855,3626,7276,7885
6274,7459,6275,7973,1231,5745,6803,2451,916,6015,8443,6685,3135
918,8647,8856,5709,8575
4689,7955,4965,920,4285,4558
2950,8584,4617,7114,2000,8146,4756,4949,923,5147,8800,5539,5606,6648,2485,5750,7927,4664,2431
7871,932,1832,1833,3178,5101,6538
6224,6676,5367,938,6750
1665,2147,4995,3301,5607,1964,7053,7887,946
6081,2626,2499,4302,5562,8148,3542,4826,2588,2269,6252,7667,2554,3261,958,8703
7296,8068,7813,8838,6663,7305,3085,7058,1685,8086,4248,4766,5281,4641,2475,5037,3889,5946,5947,959,5312,5186,8388,6980,4808,5193,7755,5325,8142,7504,8916,3028,4959,7904,3808,7908,1511,5226,8554,8175,3439,6001,8817,7925,1526
1408,4354,8330,8587,7821,3342,8079,6802,3858,7059,8854,2968,4381,8355,3109,7589,8875,8619,8621,7471,3634,7346,2615,3129,3771,8510,3911,8393,970,8394,6864,2387,7635,2901,7892,6616,6745,1630,7648,5093,5862,4601,7420
8386,6276,6917,8454,5643,974,5776,8085,8534,5078,2655,6434,3810,8880,8434,3188,7606,2875,4733,7294
983,1843,8695,4650,4333
1376,8384,2889,1003,2223,7216,5553,7260,6614,6972,1311
3968,8198,8967,6920,5001,8458,2058,6284,5902,5778,8083,5401,6425,6687,3744,3615,1059,5671,6317,3630,5935,1329,4532,8245,6966,5431,5049,8257,5442,3908,4805,6217,5450,7243,6089,2508,8649,4431,4943,5458,4819,1493,4185,3678,3551,6240,5986,7141,8294,4205,4847,1011,6515,4341,6776,8827,8060
5060,8773,7686,6857,7500,1040,8914,4499,5972,6742,7767,3286,6169,2208,8865,7526,6183,4591,5107,1405,6526,6591
5984,1058,7336,8650,7082,6029,1849,5785,5439
1067,7599
1120,8289,1072,7590,6588,4718,2639
4896,1076,5957,7815,5867,6735
1370,1084,4823
1088,7095,1561,4074,7039
7040,1089,7619,4839,5255,7467,8172,4780,1300,7579
7403,1101,7455
3233,4610,3524,8389,8423,3050,4106,4364,5262,7889,7029,1143,7611
2307,4040,4814,1167,8663,6876,3553,4706,7203,5223,8106,2732,6578,7989,7159,6906
1184,4141,8143,7632,2867,4084,6007,4191
2514,1188,1796,8263,4926
7104,1194
4480,5381,2694,3400,2121,7693,5998,1198,2294,8376,1307,5023
7875,5380,1221,6795,8588,4175,8210,3475,5342,4199,4009,8752,7988,1205,3574,7607,4473,2941
5825,7458,6724,1414,4903,6222,6286,8116,8726,1210,8028,4701
6144,3842,3331,4293,2822,8844,2829,7439,8593,6100,3423,3936,3041,1889,4895,6559,5415,1212
1216,2757,1798,8521,5712,1716,8150,7065,1887
5696,7651,1225,2573,2161,7762,3257,5756
6800,1234,6951,7211,2855,5518
5648,1250,5366,2488,1786
2883,8390,1422,4312,5660,6045,2272,1254,3239,5739,6892,7597,1518,5490,8499,2740,8439,8318
1266,4506
3916,5554,3698,3700,6421,4024,8953,7194,8539,1277,1755
4224,5441,1284,7494,7725,7824,5489,7890,4052,5784,4413,8639
8704,2178,1286,4811,1338,4627,8403,8470,8159,7781,7079,2090,7083,5933,6708,7286,4602,1339
4738,1314,6725,8232,8717,2227,3860,2646,1567
5061,6085,7901,8553,3947,3214,5775,8659,8883,6068,5241,1341,8217,2463
4961,6280,7273,7370,6379,4939,4054,5879,1368,6074,5627,7868,4990
6250,1387,6629
8896,1473,7457,4377,5512,1481,7497,8881,1463,7321,5978,8924
1474,6114,5670,6728,3401,1640,4553,8301,3281,5522,4852,8886,5112,7231
4963,2276,8070,1484,5230,1487,1873,2517,5880,6203,7071,5055
1498,4403,8535,5215
5457,1514,7323,6205
6624,7728,1521,5428,4165,8118,7451
6952,1529,8077
7378,1538
2661,1550,5391
4992,6403,7301,5766,3212,6672,6289,2706,6291,4498,8213,2833,5911,3991,1562,6174,4255,3998,7967,7331,7084,9005,6322,7475,5559,8120,8633,5434,7357,5183,6208,4551,6471,7753,7113,6477,3923,2775,7384,7263,7903,5346,8163,6756,8802,4198,5352,6634,7147,7020,3821,5358,8815,7665,4984
8066,3384,7363,7544,6922,6606,3225,4889,1569,7841,6051,6497,7848,8617,2860,7726,3503,5552,8053,5432,8123,5052,7293
1604,2964,2747,4957,5837
1608,4585,6594,2606
6528,7168,7072,8483,6433,8453,6790,4039,2824,3339,1612,8179,6772,1945,1946
3143,1642,6603,3692,3374,1649,6200,3226,3294
2177,8323,6149,5702,7561,6985,5132,4173,2320,7061,6486,5527,3035,3356,8927,8352,5286,6187,1643,6706,2290,7669,3254,8183,8634
8756,3974,3272,8906,1646
8770,5811,1653,4803
1660,3164
1664,4592
7289,1706,5299,6278
4704,6785,6118,1719,5848,5804
5633,1730,6723,3298,5477,8101,2727,8777,6153,5594,3218,6259,4855,5082
1744,7028
1752,3338
6019,6534,2399,7916,4525,7312,1776,3219,6643,2911,7167,4831
3042,3538,2375,6232,7369,1789,8191
8658,3812,8969,7881,7292,1805
6122,3611,1806
7472,1838
1857,7862,2279,4094,6782
6496,4097,8866,8771,7812,6245,5031,1868,6903,6584,5498,3037
4257,3528,8697,1869,4399
4732,7845,6376,4113,1874,8823,4824,3740,7869
6913,7138,1891,5156,8166,8679,6544,6162,8306,3826,5715,6292,7831,5466,8223
2608,3201,1923,5417,6206
5537,4020,1941,6472,8185,6330
2532,6190,7120,2705,8631,8604,3325,1950
1960,5507
3048,8035,1972,4999
2007,5139,5063,4783
2008,7414
2012,2550
2034,3103
4930,8276,6759,8236,4365,2046,7743
4560,5121,7282,2051
2056,8642,8460,8045
2897,5809,2339,3491,2074,7674,6654
7375,3920,7537,7826,6936,7130,6363,6140,2078
2080,6853
8763,2094,8958
4418,3554,4082,8645,2110,5805,2894
6440,8087,2111,5487
4802,2135,7672,6362,7274,8652
2145,5890,8557,2877
5393,4915,6682,2167,8552,8202,5707
7490,6979,7655,7371,2190,8207,6004,3765,7933
7042,8997,5062,7016,5545,5321,4041,3245,4369,7091,2196,5909,7893,6490,4991
5353,2199
2977,2274,8019,6773,2206,6302
2216,8508,5685
4864,8132,2222
6912,2241,4448,2688,7046,7373,5716,5365,3831,8888,5563,2878
3176,2252,5588,2254
8765,6741,2278
3097,2309
7971,2323,2813,5287
2324,2326
6467,3582,5736,2762,8492,3853,2362,7151,2895,9014,6328,8602,2460,6558
5257,2378,4637
6242,8708,4968,4969,8009,4972,7340,4332,2381,7856,4081,7954,7125,5305
3091,2412,4259,5350
4770,2422,4967,2600,6393,8846
2674,2583,3625,6073,2444
3718,2837,2445
2744,8081,2449,5819
2465,3597
3944,2505,4520
2510,6655
2528,4710
6791,2530,6119
6508,2535
2696,6730,2541,8487
8451,7748,7818,5386,6732,4878,8338,6867,6680,3419,7133,7134,7264,2722,3234,7779,7529,7979,7855,3953,4146,2546,6585,7358
5820,2547,8485,6983,3352,7431,6077
3520,7602,8372,6953,2558
5249,6385,2568,8569,3722,6731
2906,2591
6487,8286,4556,7021,2604
5665,6818,2610,6372,4979
5504,2624,7043,3398,3174,7816,8681,8052,4537,4922,3581,7710
8240,3217,4415,2631,8282,8843,3247
8987,4724,5495,7754,2635,5372
8400,2664
8760,2675
5368,4609,2692,8264,8456,6126,3667,3604,3190,4118,3992,5018,7355,4860
5328,8834,2711,6749,5582
7360,8530,2723,7832,6859
8572,7075,5928,4747,2796,7213
3489,2804,5718,8489,5387,8716,4717
2816,9004
3650,2818,5973,8861,3263
6161,7894,3095,4938,2830
7171,8452,4295,4104,5964,8781,6349,4495,7951,2831,7761,5330,4501,6296,4952,6107,4089,8737,3172,8746,5610,5098,8111,7984,4401,8885,3897,7418,4478
7073,5592,6830,6236,4596,8661,2870,5815,4790,5397,4604,8894
6060,2879
8017,2891,8643
4290,5115,2924,4685
2932,8495,5799
4818,4085,2943
4428,5621,2949
2956,5613
7249,8674,7939,3011,4022,3850
4866,3045,8238,3306
3065,8438
8908,3111,6716,7694
3144,5185,7187,5595
7386,8922,3171,7883
3202,5956
3208,6808,5221
4624,4273,6002,3216,6324,7944,3483
4292,4421,8841,4752,6231,4376,6170,7834,8796,7391,5667,6563,8429,5680,5748,3259,6911
3288,7923,4067
8164,5990,8780,8268,5650,8277,7126,8088,7513,3290,7932,4636
4049,3319
3370,4693,7591
4466,3375
6978,8585,7177,3377,8115,8755,4182,7738,4700
3385,8923
6281,3388
7706,3403,7628,5781
3425,6899,8581,7960,4233,8956,6365
3436,4500,4708
7673,5546,3437
8853,7430,5991,8725,3449
8640,5561,3460
5452,3487
8769,3971,3518,3495,6984,6539,6574,4079,7441,5460,7157,5524,7413,4893,8606
9010,3509,7383,8698,7485
8215,4027,3511,6650,4459,6860,7511
4034,7186,3603,5605,7367
3617,5673
6441,3623
3641,5364
6600,3696
7063,8739,3715,7303,4682
3755,8503
4512,5905,7722,5099,3756
4388,8486,8262,8469,6166,5686,3768,5855
7376,3798,6406
8690,3803,7428
6481,8227,3814,4456,7756
5993,3818,4463
4504,7994,3828
5449,8290,3871
6627,5859,8775,3881,4303,7695,7570,9011,6963,4023,5114
3913,7462,4791
3970,4615,6135
5505,4722,6835,3976,5209
4691,3982
3997,7366,8959
6273,5506,7241,5002,6188,4016,8371,5754,8347
5284,4037
4042,8884,7492
7737,8626,4101,9006
4348,4111
4114,5881,4360,7801,6283
7408,5497,4122,5699
5264,4129,8629,6311,8105,6811
7936,4137
8048,4145,7473,7747,4340
7318,6855,7608,4169,5688
4193,7773
4195,6851,4424,6057,5135,6418,7507,7162,8702
7226,4243
5202,7195,4253,7551
4528,4262
5455,4279
4298,8723
4307,5587
8314,4311
4344,4673,6151,7372,8913,8918,6744,8799
4392,8601,7054
5355,4407
6840,6466,4416,7496
8192,4464,7117,6191
4488,7410
4492,6254
7913,4548
7465,6258,8182,4607
7124,8820,7764,4663,7789
4674,5293,4986
5960,7852,4709
4754,6612
6344,4844
4846,5509,8910,6295
4857,4982
6698,8076,4902
6355,4904,6905,5672,6347,6990
7088,4909,8158
4936,8839
4954,6316
5122,4956
5571,6213,6664,4970,5438
8947,4980,8476,8759
5032,5839,8036,8772
6599,8117,7334,5047
6154,8871,8505,8362,8541,6765,5119
5131,6780
6568,5729,5171,8205
8928,8833,5216,8727,8267,6668,7699,8151
5288,5869,5229
7633,5245
6850,5410,6947,8648,8046,5968,7090,5267,6747,6044,8287
5385,8874,6011,8917
6720,5407
8705,5412,8094
5464,7207
5480,6626,6061
5484,7014
5536,8561
7545,8791,6809,7531,5550
5577,7164
5664,7433
5705,7715
8713,8034,8555,5823
6976,7969,5845,8599
6178,7411,7304,5866,6028
5899,7476
5906,7653,7350,6998,7209,6828
5995,6524,8694
6034,7987
6955,6038,7223
6561,6047
6131,7636
8976,7833,6172,8901
6248,6941
6354,6293
6323,8660
6346,7333
6356,7309
8504,6371
7769,6428
8537,6437
8671,6445,7487
6465,6674
6636,8989
8494,8449,8496,7604,8214,6638
6704,8966
6761,8981
7864,6774
6796,8413
6992,8351
7136,8432
7145,7388
7404,7790,7190
8296,7210
8603,7269
7285,7478
7328,8288
7377,8061
7483,7614
7541,8307,7525,7542
7568,8502,8327
8605,7638
7641,7895
8104,7793,8078,8774
7817,7804,8340
7948,8788
7986,8437
8461,8231
8937,8260
8938,8868,8468
9002,8582
8941,8943
